# Created by Octave 5.2.0, Mon May 04 11:17:43 2020 GMT <unknown@DESKTOP-5OFQEFG>
# name: data2
# type: matrix
# rows: 228
# columns: 2
 1.0004999999999999 122
 1.013676 124.5
 1.026832 123.5
 1.0399959999999999 120.5
 1.0531600000000001 118
 1.066324 116.5
 1.0794919999999999 118.5
 1.09266 120.5
 1.105828 121
 1.118992 123
 1.132152 123.5
 1.1453199999999999 119.5
 1.1584840000000001 117
 1.171648 116
 1.18482 116.5
 1.1979880000000001 120
 1.2111479999999999 124
 1.224316 125
 1.237476 121.5
 1.2506440000000001 119
 1.263808 119.5
 1.2769760000000001 119.5
 1.290144 121
 1.3033079999999999 123
 1.316476 125
 1.329636 123.5
 1.3428 121
 1.3559639999999999 117
 1.369132 119.5
 1.3823000000000001 122.5
 1.395464 125
 1.4086240000000001 124.5
 1.4217880000000001 118
 1.434944 116.5
 1.448108 120.5
 1.4612719999999999 122
 1.47444 123
 1.4876039999999999 121.5
 1.5007680000000001 119.5
 1.5139279999999999 117.5
 1.527088 119.5
 1.540252 121.5
 1.5534159999999999 123.5
 1.566584 123
 1.5797479999999999 119
 1.5929120000000001 118
 1.6060840000000001 120.5
 1.619248 126
 1.632412 123.5
 1.6455759999999999 120
 1.6587479999999999 118
 1.6719120000000001 119
 1.6850799999999999 126.5
 1.698248 124
 1.7114119999999999 122
 1.7245760000000001 118
 1.737744 118.5
 1.750912 120.5
 1.7640800000000001 125.5
 1.777244 122
 1.790408 119.5
 1.803572 118.5
 1.81674 120.5
 1.8299000000000001 125
 1.843072 123
 1.8562399999999999 119.5
 1.8694040000000001 118.5
 1.882568 121.5
 1.8957280000000001 124.5
 1.9088879999999999 123
 1.922048 120
 1.935216 118.5
 1.9483839999999999 122
 1.961552 125
 1.97472 123
 1.987884 120.5
 2.0010479999999999 162
 2.014208 165
 2.0273720000000002 168.5
 2.0405440000000001 166
 2.053712 163.5
 2.0668839999999999 164
 2.080044 165
 2.0932040000000001 165.5
 2.1063719999999999 166.5
 2.1195400000000002 163.5
 2.1327039999999999 163.5
 2.145864 164.5
 2.159036 165
 2.172196 165.5
 2.1853639999999999 165
 2.1985199999999998 163.5
 2.2116880000000001 164
 2.2248480000000002 165
 2.2380080000000002 166
 2.2511839999999999 164.5
 2.2643439999999999 163.5
 2.27752 164.5
 2.2906879999999998 164.5
 2.3038560000000001 167.5
 2.3170199999999999 164.5
 2.330184 163.5
 2.343356 164.5
 2.3565200000000002 165.5
 2.3696839999999999 168.5
 2.3828480000000001 165
 2.39602 163
 2.4091840000000002 164
 2.4223479999999999 166
 2.4355199999999999 166.5
 2.44868 165
 2.4618479999999998 164
 2.4750160000000001 164.5
 2.488184 165.5
 2.5013480000000001 168
 2.5145080000000002 165
 2.5276800000000001 164
 2.5408439999999999 164.5
 2.5540039999999999 165.5
 2.5671759999999999 169
 2.5803400000000001 165
 2.593496 163
 2.6066560000000001 165
 2.6198320000000002 165.5
 2.633 168.5
 2.6461640000000002 166
 2.659332 163.5
 2.6724999999999999 164.5
 2.6856640000000001 165.5
 2.6988279999999998 167.5
 2.7120039999999999 166
 2.725168 164.5
 2.7383320000000002 163.5
 2.7515000000000001 167
 2.764672 167.5
 2.7778360000000002 166
 2.7909999999999999 165.5
 2.8041640000000001 165
 2.8173240000000002 166
 2.8304840000000002 166
 2.843648 168
 2.8568159999999998 165
 2.8699720000000002 166.5
 2.8831440000000002 165.5
 2.8963199999999998 166
 2.9094799999999998 167
 2.922644 167
 2.9358119999999999 167
 2.9489800000000002 165.5
 2.9621439999999999 164.5
 2.9753039999999999 165
 2.9884759999999999 168.5
 3.001636 125
 3.0148000000000001 123
 3.0279600000000002 121.5
 3.0411320000000002 122
 3.0542919999999998 125.5
 3.067456 125.5
 3.0806399999999998 123.5
 3.0938080000000001 123
 3.106976 122
 3.1201400000000001 124.5
 3.133308 124
 3.146468 125
 3.159624 124
 3.1728040000000002 123
 3.1859679999999999 123.5
 3.1991239999999999 123
 3.212288 123.5
 3.2254559999999999 124.5
 3.2386200000000001 124.5
 3.2517839999999998 123
 3.2649560000000002 123
 3.2781120000000001 122.5
 3.2912840000000001 124
 3.3044359999999999 124
 3.3176000000000001 124.5
 3.3307639999999998 123.5
 3.343928 123
 3.357084 123
 3.3702480000000001 124
 3.383416 125
 3.3965719999999999 125
 3.4097279999999999 124.5
 3.422892 123.5
 3.4360560000000002 125.5
 3.4492240000000001 124
 3.4623879999999998 124
 3.4755560000000001 123.5
 3.4887239999999999 126
 3.5018880000000001 126
 3.5150480000000002 125
 3.5282040000000001 124
 3.5413679999999998 124
 3.554532 126
 3.5676920000000001 125
 3.5808520000000001 125
 3.5940120000000002 124
 3.6071840000000002 124
 3.6203479999999999 125.5
 3.6335120000000001 125
 3.6466759999999998 124
 3.6598519999999999 124
 3.6730119999999999 126
 3.6861799999999998 126
 3.6993480000000001 125
 3.7125080000000001 124.5
 3.7256680000000002 125
 3.7388240000000001 126
 3.751992 125.5
 3.7651599999999998 125
 3.7783199999999999 125
 3.7914840000000001 124.5
 3.8046479999999998 126.5
 3.8178160000000001 125.5
 3.8309799999999998 126
 3.8441480000000001 125.5
 3.857316 124.5
 3.8704800000000001 126
 3.883648 125.5
 3.8968120000000002 125.5
 3.9099759999999999 124.5
 3.923136 125
 3.9363039999999998 125.5
 3.9494720000000001 125.5
 3.9626399999999999 125.5
 3.9758040000000001 125.5
 3.9889679999999998 123.5


