# Created by Octave 4.2.2, Wed Apr 22 09:54:59 2020 CEST <thibaultblf@thibaultblf-HP-EliteBook-840-G4>
# name: data
# type: matrix
# rows: 304
# columns: 2
 0 33.2
 0.01316799999999985 33.4
 0.02633200000000002 33.3
 0.0394960000000002 33.4
 0.05266800000000016 33.2
 0.06583199999999989 33.2
 0.07899600000000007 33.6
 0.09216399999999991 33.4
 0.1053280000000001 33.3
 0.1184919999999998 33.4
 0.1316519999999999 33.6
 0.144828 33.6
 0.1579920000000001 33.4
 0.1711559999999999 33.3
 0.1843240000000002 33.7
 0.197492 33.9
 0.2106560000000002 33.9
 0.2238159999999998 33.8
 0.2369919999999999 33.7
 0.2501519999999999 33.5
 0.2633239999999999 33.8
 0.2764880000000001 33.6
 0.2896519999999998 33.5
 0.302816 33.5
 0.3159879999999999 33.3
 0.3291520000000001 33
 0.34232 32.8
 0.3554840000000001 32.8
 0.368636 32.7
 0.3818039999999998 32.6
 0.3949639999999999 32.5
 0.408128 32.5
 0.4213040000000001 32.4
 0.4344679999999999 32.4
 0.447632 32.1
 0.4607999999999999 33
 0.4739640000000001 33
 0.48712 32.8
 0.5002800000000001 33
 0.513436 33
 0.5265960000000001 33.6
 0.539768 33.6
 0.5529320000000002 33.5
 0.5660959999999999 33.4
 0.5792600000000001 33.7
 0.5924200000000002 32.5
 0.6055799999999998 32.5
 0.618744 32.2
 0.6319119999999998 32.2
 0.645076 32.3
 0.6582400000000002 32.2
 0.6713999999999998 32.6
 0.684564 32.7
 0.697724 33
 0.7108880000000002 33.1
 0.724056 33.2
 0.7372200000000002 33.3
 0.7503839999999999 33.2
 0.7635520000000002 33.2
 0.7767199999999996 32.8
 0.7898840000000003 32.4
 0.8030440000000003 32
 0.8162040000000004 32.1
 0.8293719999999998 32.4
 0.8425319999999998 32.5
 0.8557000000000001 32.5
 0.8688639999999999 33.3
 0.8820279999999996 33.7
 0.8951879999999997 33.3
 0.9083520000000003 33.1
 0.9215199999999997 32.6
 0.9346840000000003 31.9
 0.947848 32
 0.9610080000000001 32.1
 0.9741719999999998 32.4
 0.9873319999999999 32.4
 1.0005 24.4
 1.013676 24.9
 1.026832 24.7
 1.039996 24.1
 1.05316 23.6
 1.066324 23.3
 1.079492 23.7
 1.09266 24.1
 1.105828 24.2
 1.118992 24.6
 1.132152 24.7
 1.14532 23.9
 1.158484 23.4
 1.171648 23.2
 1.18482 23.3
 1.197988 24
 1.211148 24.8
 1.224316 25
 1.237476 24.3
 1.250644 23.8
 1.263808 23.9
 1.276976 23.9
 1.290144 24.2
 1.303308 24.6
 1.316476 25
 1.329636 24.7
 1.3428 24.2
 1.355964 23.4
 1.369132 23.9
 1.3823 24.5
 1.395464 25
 1.408624 24.9
 1.421788 23.6
 1.434944 23.3
 1.448108 24.1
 1.461272 24.4
 1.47444 24.6
 1.487604 24.3
 1.500768 23.9
 1.513928 23.5
 1.527088 23.9
 1.540252 24.3
 1.553416 24.7
 1.566584 24.6
 1.579748 23.8
 1.592912 23.6
 1.606084 24.1
 1.619248 25.2
 1.632412 24.7
 1.645576 24
 1.658748 23.6
 1.671912 23.8
 1.68508 25.3
 1.698248 24.8
 1.711412 24.4
 1.724576 23.6
 1.737744 23.7
 1.750912 24.1
 1.76408 25.1
 1.777244 24.4
 1.790408 23.9
 1.803572 23.7
 1.81674 24.1
 1.8299 25
 1.843072 24.6
 1.85624 23.9
 1.869404 23.7
 1.882568 24.3
 1.895728 24.9
 1.908888 24.6
 1.922048 24
 1.935216 23.7
 1.948384 24.4
 1.961552 25
 1.97472 24.6
 1.987884 24.1
 2.001048 32.4
 2.014208 33
 2.027372 33.7
 2.040544 33.2
 2.053712 32.7
 2.066884 32.8
 2.080044 33
 2.093204 33.1
 2.106372 33.3
 2.11954 32.7
 2.132704 32.7
 2.145864 32.9
 2.159036 33
 2.172196 33.1
 2.185364 33
 2.19852 32.7
 2.211688 32.8
 2.224848 33
 2.238008 33.2
 2.251184 32.9
 2.264344 32.7
 2.27752 32.9
 2.290688 32.9
 2.303856 33.5
 2.31702 32.9
 2.330184 32.7
 2.343356 32.9
 2.35652 33.1
 2.369684 33.7
 2.382848 33
 2.39602 32.6
 2.409184 32.8
 2.422348 33.2
 2.43552 33.3
 2.44868 33
 2.461848 32.8
 2.475016 32.9
 2.488184 33.1
 2.501348 33.6
 2.514508 33
 2.52768 32.8
 2.540844 32.9
 2.554004 33.1
 2.567176 33.8
 2.58034 33
 2.593496 32.6
 2.606656 33
 2.619832 33.1
 2.633 33.7
 2.646164 33.2
 2.659332 32.7
 2.6725 32.9
 2.685664 33.1
 2.698828 33.5
 2.712004 33.2
 2.725168 32.9
 2.738332 32.7
 2.7515 33.4
 2.764672 33.5
 2.777836 33.2
 2.791 33.1
 2.804164 33
 2.817324 33.2
 2.830484 33.2
 2.843648 33.6
 2.856816 33
 2.869972 33.3
 2.883144 33.1
 2.89632 33.2
 2.90948 33.4
 2.922644 33.4
 2.935812 33.4
 2.94898 33.1
 2.962144 32.9
 2.975304 33
 2.988476 33.7
 3.001636 25
 3.0148 24.6
 3.02796 24.3
 3.041132 24.4
 3.054292 25.1
 3.067456 25.1
 3.08064 24.7
 3.093808 24.6
 3.106976 24.4
 3.12014 24.9
 3.133308 24.8
 3.146468 25
 3.159624 24.8
 3.172804 24.6
 3.185968 24.7
 3.199124 24.6
 3.212288 24.7
 3.225456 24.9
 3.23862 24.9
 3.251784 24.6
 3.264956 24.6
 3.278112 24.5
 3.291284 24.8
 3.304436 24.8
 3.3176 24.9
 3.330764 24.7
 3.343928 24.6
 3.357084 24.6
 3.370248 24.8
 3.383416 25
 3.396572 25
 3.409728 24.9
 3.422892 24.7
 3.436056 25.1
 3.449224 24.8
 3.462388 24.8
 3.475556 24.7
 3.488724 25.2
 3.501888 25.2
 3.515048 25
 3.528204 24.8
 3.541368 24.8
 3.554532 25.2
 3.567692 25
 3.580852 25
 3.594012 24.8
 3.607184 24.8
 3.620348 25.1
 3.633512 25
 3.646676 24.8
 3.659852 24.8
 3.673012 25.2
 3.68618 25.2
 3.699348 25
 3.712508 24.9
 3.725668 25
 3.738824 25.2
 3.751992 25.1
 3.76516 25
 3.77832 25
 3.791484 24.9
 3.804648 25.3
 3.817816 25.1
 3.83098 25.2
 3.844148 25.1
 3.857316 24.9
 3.87048 25.2
 3.883648 25.1
 3.896812 25.1
 3.909976 24.9
 3.923136 25
 3.936304 25.1
 3.949472 25.1
 3.96264 25.1
 3.975804 25.1
 3.988968 24.7


