# Created by Octave 4.2.2, Wed Apr 22 09:54:52 2020 CEST <thibaultblf@thibaultblf-HP-EliteBook-840-G4>
# name: estimation
# type: matrix
# rows: 8
# columns: 2
 0 32.55
 0.9999 32.55
 1 24.1
 1.999 24.1
 2 32.55
 2.999 32.55
 3 24.1
 3.999 24.1


