# Created by Octave 4.2.2, Mon May 25 16:06:15 2020 CEST <thibaultblf@thibaultblf-HP-EliteBook-840-G4>
# name: data
# type: matrix
# rows: 2235
# columns: 2
 0.005028000000000254 22.1
 0.01035600000000025 22.1
 0.0156960000000006 22.2
 0.02100800000000058 22.1
 0.02633600000000058 22.1
 0.03166000000000047 22.1
 0.03696800000000033 22.1
 0.04228800000000055 22.1
 0.04760800000000032 22.1
 0.05294000000000043 22.1
 0.05827600000000022 22.1
 0.0635880000000002 22.1
 0.06892800000000054 22.1
 0.07424000000000053 22.2
 0.0795720000000002 22.1
 0.0849000000000002 22.1
 0.09022800000000064 22.1
 0.09555200000000053 22.2
 0.1008720000000003 22.1
 0.1062080000000005 22.1
 0.1115240000000006 22.2
 0.1168480000000005 22.1
 0.1221720000000004 22.1
 0.1274800000000003 22.1
 0.1328200000000006 22
 0.1381120000000005 22.1
 0.1434240000000004 22.1
 0.1487360000000004 22.1
 0.1540680000000005 22.1
 0.1593800000000005 22.1
 0.1647080000000005 22.1
 0.1700200000000005 22.1
 0.1753440000000004 22.2
 0.1806880000000004 22.1
 0.1860080000000006 22.1
 0.1913160000000005 22.1
 0.1966280000000005 22
 0.2019320000000002 22.1
 0.2072880000000006 22.1
 0.2125960000000005 22
 0.2178920000000004 22
 0.2231960000000006 22.1
 0.2285080000000006 22.1
 0.2338560000000003 22.1
 0.2391640000000006 22.1
 0.2444840000000004 22
 0.2497880000000006 22.1
 0.2550960000000004 22.1
 0.2604120000000005 22.1
 0.2657360000000004 22.1
 0.2710720000000002 22.1
 0.2763920000000004 22.1
 0.2817120000000006 22.1
 0.2870440000000003 22
 0.2923320000000005 22.1
 0.2976440000000005 22
 0.3029280000000005 22
 0.3082480000000003 22
 0.3135520000000005 22.1
 0.3188960000000005 22
 0.3241960000000006 22
 0.3294840000000003 22
 0.3347960000000003 22
 0.3401040000000006 22
 0.3454080000000004 22
 0.3507320000000003 22
 0.3560400000000006 22
 0.3613240000000002 22
 0.3666400000000003 22
 0.3719240000000004 22
 0.3772200000000003 22
 0.3825200000000004 22
 0.3878040000000005 21.9
 0.3931200000000006 22
 0.3984200000000002 22
 0.4037240000000004 21.9
 0.4090680000000004 21.9
 0.4144000000000005 21.9
 0.4197080000000004 22
 0.4250280000000006 21.9
 0.4303560000000006 21.8
 0.4357080000000004 22
 0.4409920000000005 21.9
 0.4463000000000004 21.9
 0.4516200000000006 22
 0.4569240000000003 21.9
 0.4622840000000004 21.9
 0.4676040000000006 22
 0.4728920000000003 21.9
 0.4782000000000006 21.9
 0.4835120000000006 21.9
 0.4888440000000003 22
 0.4941320000000005 22
 0.4994280000000004 22
 0.5047520000000003 21.9
 0.5100640000000003 22
 0.5153520000000005 22
 0.5206840000000006 22
 0.5259800000000006 22
 0.5312680000000003 22
 0.5365720000000005 22
 0.5418880000000006 22
 0.5472040000000002 22
 0.5525040000000003 22
 0.5577840000000003 22
 0.5631080000000006 22
 0.5684240000000003 22
 0.5737160000000006 22.1
 0.5790560000000005 22.1
 0.5843960000000004 22.1
 0.5897200000000002 22
 0.5950240000000004 22.1
 0.6003400000000005 22
 0.6056760000000003 22.1
 0.6110000000000002 22.1
 0.6163280000000002 22.1
 0.6216560000000002 22
 0.6269560000000003 22.2
 0.6323000000000003 22.1
 0.6376400000000002 22.2
 0.6429560000000003 22.1
 0.6482840000000003 22.1
 0.6535960000000003 22
 0.6589040000000006 22.1
 0.6642160000000006 22.1
 0.6695280000000006 22.1
 0.6748560000000006 22.1
 0.6801840000000006 22.1
 0.6855440000000006 22.1
 0.6908600000000003 22.1
 0.6961680000000006 22.1
 0.7014760000000004 22.1
 0.7067840000000003 22
 0.7120800000000003 22.1
 0.7173920000000003 22.1
 0.7227040000000002 22.2
 0.7280240000000004 22.1
 0.7333440000000002 22.2
 0.7386720000000002 22.1
 0.7440000000000002 22.1
 0.7493240000000005 22.2
 0.7546600000000003 22.1
 0.7599840000000002 22.2
 0.7653160000000003 22.1
 0.7706440000000003 22.1
 0.7759720000000003 22.2
 0.7813000000000003 22.1
 0.7866120000000003 22.2
 0.7919440000000004 22.2
 0.7972600000000005 22.1
 0.8025720000000005 22.2
 0.8078920000000003 22.2
 0.8132120000000005 22.1
 0.8185320000000003 22.2
 0.8238560000000006 22.1
 0.8291640000000005 22.1
 0.8344760000000004 22.2
 0.8397880000000004 22.1
 0.8451280000000003 22.1
 0.8504480000000005 22.2
 0.8557680000000003 22.1
 0.8610920000000006 22.1
 0.8664160000000005 22.1
 0.8717560000000004 22.1
 0.8770680000000004 22.1
 0.8824000000000005 22
 0.8877280000000005 22.1
 0.8930560000000005 22.1
 0.8983760000000003 22.1
 0.9036960000000005 22.1
 0.9090240000000005 22.1
 0.9143440000000003 22.1
 0.9196640000000005 22.1
 0.9250040000000004 22.1
 0.9303240000000006 22.1
 0.9356480000000005 22.1
 0.9409720000000004 22.1
 0.9462800000000002 22.1
 0.9516000000000004 22.1
 0.9569240000000003 22.1
 0.9622640000000002 22.1
 0.9675840000000004 22.1
 0.9728920000000003 22.1
 0.9782040000000003 22.1
 0.9835640000000003 22.1
 0.9888800000000004 22.1
 0.9941880000000003 22.1
 0.9995120000000006 22.1
 1.004848 22.1
 1.010172 22.2
 1.015504 22.1
 1.020836000000001 22.1
 1.026164000000001 22.1
 1.031488 22.2
 1.0368 22.1
 1.042132000000001 22.1
 1.047460000000001 22.1
 1.052788000000001 22.1
 1.058112 22.1
 1.063432000000001 22.1
 1.068760000000001 22.1
 1.074084 22.1
 1.079396 22.2
 1.084736 22.1
 1.090056000000001 22.1
 1.095392 22.1
 1.100716 22.1
 1.106024000000001 22.2
 1.111348 22.1
 1.116664000000001 22.2
 1.122 22.2
 1.127332 22.2
 1.13266 22.1
 1.137984 22.1
 1.143304000000001 22.2
 1.14864 22.1
 1.153968 22.2
 1.159296 22.2
 1.164616000000001 22.2
 1.16994 22.2
 1.175268 22.1
 1.180600000000001 22.1
 1.185928000000001 22.2
 1.191268 22.1
 1.196596 22.1
 1.201916 22.1
 1.207248 22.1
 1.212568000000001 22.2
 1.217892 22.2
 1.223216 22.2
 1.228524000000001 22.2
 1.233856 22.2
 1.239168 22.2
 1.244492000000001 22.2
 1.249812 22.2
 1.25514 22.2
 1.260472 22.2
 1.265796 22.2
 1.27112 22.1
 1.276448 22.2
 1.281772000000001 22.2
 1.287096 22.1
 1.292408 22.2
 1.297724000000001 22.2
 1.303044 22.2
 1.308376 22.2
 1.3137 22.2
 1.319012 22.2
 1.324352000000001 22.2
 1.329672 22.1
 1.335012 22.2
 1.340328 22.2
 1.345648000000001 22.2
 1.350988000000001 22.2
 1.356308 22.1
 1.361636 22.2
 1.366960000000001 22.2
 1.372272000000001 22.2
 1.377616000000001 22.2
 1.382944000000001 22.2
 1.388268000000001 22.1
 1.393592 22.1
 1.398904 22.1
 1.404228 22.2
 1.40954 22.1
 1.414856 22.1
 1.420184 22.2
 1.425496 22.2
 1.430836 22.2
 1.436148 22.2
 1.441484 22.2
 1.44682 22.2
 1.452132 22.2
 1.457476 22.2
 1.462788 22.2
 1.46812 22.1
 1.473452 22.1
 1.47878 22.1
 1.48412 22.2
 1.489444 22.1
 1.494772 22.2
 1.500104 22.1
 1.505432 22.2
 1.510756 22.2
 1.516084 22.2
 1.521412 22.2
 1.526736000000001 22.1
 1.53206 22.1
 1.5374 22.1
 1.542692000000001 22.2
 1.548008 22.2
 1.553344000000001 22.2
 1.558668 22.2
 1.564008 22.2
 1.56932 22.2
 1.574632 22.2
 1.579964 22.2
 1.585276 22.2
 1.590616 22.2
 1.595936 22.2
 1.601264 22.2
 1.606604 22.2
 1.611924000000001 22.2
 1.617252000000001 22.2
 1.622576 22.2
 1.627888 22.2
 1.633216 22.2
 1.638524 22.2
 1.643840000000001 22.1
 1.649168 22.2
 1.654500000000001 22.2
 1.659820000000001 22.2
 1.665132000000001 22.2
 1.670456000000001 22.2
 1.675768000000001 22.1
 1.681104 22.2
 1.686436 22.2
 1.691764 22.2
 1.697088000000001 22.3
 1.702400000000001 22.2
 1.707736000000001 22.2
 1.713064 22.2
 1.718372 22.2
 1.723688 22.2
 1.729024000000001 22.2
 1.734356 22.2
 1.739684 22.2
 1.744996 22.2
 1.750316000000001 22.2
 1.755628000000001 22.2
 1.760964 22.1
 1.766272000000001 22.2
 1.77158 22.2
 1.776892 22.2
 1.782252000000001 22.2
 1.787584000000001 22.2
 1.792896000000001 22.2
 1.798216 22.2
 1.803524 22.2
 1.808876000000001 22.2
 1.8142 22.2
 1.819524 22.2
 1.824832000000001 22.2
 1.830156000000001 22.2
 1.835500000000001 22.2
 1.840812000000001 22.2
 1.84612 22.2
 1.851444000000001 22.2
 1.856780000000001 22.2
 1.862124000000001 22.2
 1.867456000000001 22.2
 1.872768000000001 22.2
 1.878088 22.2
 1.883396 22.2
 1.888748000000001 22.2
 1.894080000000001 22.2
 1.899392000000001 22.2
 1.904704000000001 22.2
 1.910016000000001 22.2
 1.915348000000001 22.2
 1.920660000000001 22.2
 1.925988 22.2
 1.931296000000001 22.3
 1.936608000000001 22.2
