# Created by Octave 4.2.2, Mon May 25 16:13:51 2020 CEST <thibaultblf@thibaultblf-HP-EliteBook-840-G4>
# name: data
# type: matrix
# rows: 2384
# columns: 2
 0.003432000000000102 110.5
 0.008884000000000114 110.5
 0.01433199999999957 110
 0.01976400000000034 110.5
 0.02521600000000035 110.5
 0.03065999999999924 110.5
 0.03611599999999981 110.5
 0.04158400000000029 110.5
 0.04704399999999964 110.5
 0.05248399999999975 110.5
 0.05795200000000023 110.5
 0.06341199999999958 110.5
 0.06885199999999969 110.5
 0.07430800000000026 110.5
 0.07976000000000028 110.5
 0.08520399999999917 110
 0.09066800000000086 110
 0.09612399999999965 110.5
 0.1015759999999997 110.5
 0.1070720000000005 110.5
 0.1125279999999993 110.5
 0.1179679999999994 110
 0.1234280000000005 110.5
 0.1288599999999995 110
 0.1342960000000009 110
 0.1397519999999997 110.5
 0.1452080000000002 110.5
 0.1506520000000009 110.5
 0.1561199999999996 110.5
 0.1615839999999995 110.5
 0.1670200000000008 110.5
 0.1724840000000007 110.5
 0.1779240000000009 110.5
 0.1833760000000009 110.5
 0.1888400000000008 110.5
 0.1942760000000003 110
 0.1997199999999992 110.5
 0.2051879999999997 110.5
 0.2106279999999998 110.5
 0.2160759999999993 110.5
 0.2215360000000004 110
 0.2269799999999993 110.5
 0.2324439999999992 110.5
 0.2378959999999992 110.5
 0.2433639999999997 110.5
 0.2488279999999996 110.5
 0.2542720000000003 110.5
 0.2597319999999996 110.5
 0.2651760000000003 110.5
 0.2706320000000009 110
 0.2760800000000003 110.5
 0.2815239999999992 110.5
 0.2869799999999998 110.5
 0.2924480000000003 110.5
 0.2978959999999997 110
 0.3033439999999992 110.5
 0.3088160000000002 110.5
 0.3142600000000009 110.5
 0.3197159999999997 110.5
 0.3251880000000007 110.5
 0.3306400000000007 110.5
 0.3360839999999996 110
 0.3415520000000001 110.5
 0.3470080000000006 110.5
 0.3524600000000007 110
 0.3579279999999994 110.5
 0.363372 110.5
 0.3688079999999996 110.5
 0.3742959999999993 110
 0.3797280000000001 110.5
 0.3851800000000001 110.5
 0.3906679999999998 110.5
 0.3961199999999998 110.5
 0.4015640000000005 110.5
 0.4070160000000005 110
 0.4124599999999994 110
 0.4178879999999996 110.5
 0.4233480000000007 110.5
 0.4287880000000008 110.5
 0.4342240000000004 110
 0.4396719999999998 110
 0.4451280000000004 110
 0.4505680000000005 110.5
 0.4560200000000005 110.5
 0.4614759999999993 110.5
 0.4669399999999992 110
 0.4723880000000005 110.5
 0.4778400000000005 110
 0.4832719999999995 110.5
 0.4887239999999995 110.5
 0.4941879999999994 110.5
 0.499644 110.5
 0.5051000000000005 110.5
 0.5105599999999999 110
 0.5159959999999995 110
 0.5214440000000007 110.5
 0.5269320000000004 110.5
 0.5323840000000004 110
 0.5378240000000005 110.5
 0.5433000000000003 110.5
 0.5487520000000004 110
 0.5541999999999998 110.5
 0.5596639999999997 110.5
 0.5651200000000003 110
 0.5705679999999997 110
 0.5760360000000002 110
 0.5814679999999992 110.5
 0.5869119999999999 110.5
 0.5923839999999991 110.5
 0.5978399999999997 110.5
 0.6032840000000004 110.5
 0.6087319999999998 110
 0.6141919999999992 110
 0.6196400000000004 110.5
 0.6251040000000003 110.5
 0.6305720000000008 110.5
 0.6360119999999991 110.5
 0.6414679999999997 110
 0.6469159999999992 110
 0.6523479999999999 110.5
 0.6578160000000004 110.5
 0.6632719999999992 110.5
 0.6687200000000004 110
 0.674156 110.5
 0.679608 110.5
 0.68506 110.5
 0.6905199999999994 110.5
 0.6959800000000005 110
 0.7014359999999993 110.5
 0.7068879999999993 110
 0.712332 110.5
 0.7177880000000005 110.5
 0.723236 110.5
 0.728688 110.5
 0.7341320000000007 110
 0.7395720000000008 110.5
 0.7450519999999994 110.5
 0.750508 110.5
 0.7559520000000006 110.5
 0.7614319999999992 110.5
 0.7668759999999999 110.5
 0.7723200000000006 110.5
 0.7777919999999998 110.5
 0.7832319999999999 110.5
 0.7886679999999995 110
 0.794136 110.5
 0.7995959999999993 110.5
 0.80504 110.5
 0.8105039999999999 110.5
 0.8159600000000005 110
 0.8214079999999999 110.5
 0.8268959999999996 110.5
 0.8323440000000009 110.5
 0.8377999999999997 110.5
 0.8432639999999996 110.5
 0.8487200000000001 110
 0.8541720000000002 110.5
 0.8596599999999999 110.5
 0.8651119999999999 110.5
 0.8705560000000006 110
 0.8760119999999993 110.5
 0.8814600000000006 110.5
 0.8869039999999995 110.5
 0.8923640000000006 110.5
 0.8978400000000004 110.5
 0.903276 110.5
 0.9087320000000005 110.5
 0.91418 110.5
 0.9196360000000006 110.5
 0.9250880000000006 110.5
 0.9305319999999995 110.5
 0.9359800000000007 110
 0.9414079999999991 110.5
 0.9468560000000004 110.5
 0.9523159999999997 110.5
 0.9577600000000004 110.5
 0.9632120000000004 110.5
 0.9686679999999992 110.5
 0.9741160000000004 110.5
 0.9795680000000004 110.5
 0.9850200000000005 110
 0.9904679999999999 110.5
 0.9959159999999994 110.5
 1.00136 110.5
 1.006816000000001 110
 1.012292 110.5
 1.017744 110.5
 1.023187999999999 110.5
 1.02866 110.5
 1.034112 110.5
 1.03956 110
 1.045024 110.5
 1.05048 110.5
 1.055932 110.5
 1.06142 110.5
 1.066864000000001 110.5
 1.072319999999999 110
 1.077792000000001 110
 1.08324 110.5
 1.088692 110.5
 1.094156 110.5
 1.099612 110.5
 1.105055999999999 110
 1.110504000000001 110.5
 1.115959999999999 110.5
 1.1214 110.5
 1.126872000000001 110.5
 1.132339999999999 110.5
 1.137796 110
 1.143264 110.5
 1.148728 110.5
 1.154172000000001 110.5
 1.159636000000001 110.5
 1.165103999999999 110.5
 1.170544 110.5
 1.176007999999999 110.5
 1.181476 110.5
 1.186912 110.5
 1.192364 110.5
 1.197816 110.5
 1.203268 110
 1.208728000000001 110.5
 1.214183999999999 110.5
 1.219628 110.5
 1.225072000000001 110.5
 1.230524000000001 110.5
 1.23598 110.5
 1.241440000000001 110.5
 1.246904000000001 110.5
 1.252356000000001 110
 1.257804 110.5
 1.263252 110.5
 1.268708 110.5
 1.274164000000001 110.5
 1.279628000000001 110
 1.285076 110.5
 1.290520000000001 110.5
 1.295972000000001 110.5
 1.301424000000001 111
 1.30688 110
 1.312328000000001 110.5
 1.317776 110.5
 1.323219999999999 110.5
 1.328692 110
 1.334123999999999 110
 1.339572 110.5
 1.34506 110
 1.350496 110.5
 1.35594 110.5
 1.361416 110.5
 1.366860000000001 110.5
 1.372316 110.5
 1.37778 110.5
 1.383236 110.5
 1.3887 110
 1.394147999999999 110.5
 1.399608000000001 110.5
 1.405052 110.5
 1.410508 110.5
 1.415976000000001 110.5
 1.421428000000001 110.5
 1.426907999999999 110.5
 1.432359999999999 110.5
 1.437816 110.5
 1.443292 110
 1.448752000000001 110.5
 1.4542 110.5
 1.459656000000001 110.5
 1.465123999999999 110.5
 1.470572000000001 110.5
 1.476027999999999 110.5
 1.481476000000001 110.5
 1.486931999999999 110.5
 1.492383999999999 110.5
 1.497828 110.5
 1.503276 111
 1.50872 110.5
 1.51418 110.5
 1.519648 110.5
 1.525088 110
 1.530548 110
 1.535996000000001 110.5
 1.541456 110.5
 1.546916 110.5
 1.552379999999999 110.5
 1.557824 110.5
 1.563276 110.5
 1.568732000000001 110.5
 1.57418 110.5
 1.579632 110.5
 1.585076000000001 110.5
 1.590532 110.5
 1.595980000000001 110.5
 1.60144 110.5
 1.606884000000001 110
 1.612344 110.5
 1.617800000000001 110.5
 1.623244 110.5
 1.628716000000001 110.5
 1.634172 110
 1.639620000000001 110.5
 1.645123999999999 110.5
 1.650588000000001 110.5
 1.656032 110.5
 1.661508 110
 1.66696 110.5
 1.672404 110.5
 1.677887999999999 110.5
 1.683344 110.5
 1.688788000000001 110.5
 1.694280000000001 110.5
 1.699728 110.5
 1.705171999999999 110.5
 1.710644 110.5
 1.716096 110.5
 1.721552000000001 111
 1.727043999999999 110.5
 1.732495999999999 110.5
 1.737932000000001 110.5
 1.743408000000001 110.5
 1.748863999999999 110.5
 1.754300000000001 110.5
 1.759776 110
 1.765224 110.5
 1.77068 110
 1.776147999999999 110.5
 1.781592 110.5
 1.787044 110.5
 1.792524 110.5
 1.797964 111
 1.803419999999999 110.5
 1.808868 110.5
 1.814328 110
 1.819768 110.5
 1.825240000000001 110.5
 1.830704000000001 110.5
 1.836144000000001 110.5
 1.841596000000001 110.5
 1.847044 110.5
 1.852496 110
 1.857939999999999 110.5
 1.863379999999999 110.5
 1.868840000000001 110.5
 1.874307999999999 110.5
 1.879747999999999 110.5
 1.885196000000001 110.5
 1.89066 110.5
 1.896124 110.5
 1.901572 110.5
