# Created by Octave 4.2.2, Wed Apr 22 11:27:02 2020 CEST <thibaultblf@thibaultblf-HP-EliteBook-840-G4>
# name: data
# type: matrix
# rows: 641
# columns: 2
 0.01217599999999996 28.8
 0.02534000000000014 27.7
 0.03850799999999999 27.7
 0.05166800000000005 26.5
 0.064832 28.1
 0.07800800000000008 27.9
 0.09117200000000003 27.9
 0.1043400000000001 26.7
 0.1175040000000001 28.9
 0.1306640000000001 26.5
 0.1438280000000001 27.5
 0.1569880000000001 27.3
 0.170156 28.3
 0.1833199999999999 27.3
 0.1964840000000001 26.7
 0.20966 26.8
 0.2228240000000001 27.3
 0.235984 26.1
 0.2491559999999999 25.6
 0.262324 27.6
 0.275488 27.2
 0.2886520000000001 27.1
 0.30182 25.6
 0.3149839999999999 29.7
 0.3281400000000001 27.9
 0.3413040000000001 28.3
 0.3544640000000001 27.5
 0.367632 25.3
 0.380792 28.1
 0.3939680000000001 27.8
 0.4071279999999999 29
 0.420288 27.5
 0.4334480000000001 27.6
 0.446612 28.8
 0.459776 28.2
 0.4729400000000001 30.1
 0.4861 28.1
 0.4992639999999999 26.6
 0.512432 26.7
 0.5255920000000001 28.5
 0.5387520000000001 28
 0.5519160000000001 25.6
 0.5650840000000001 27.7
 0.578244 27.9
 0.591404 29.1
 0.6045720000000001 26.9
 0.6177319999999999 25.4
 0.6308960000000001 26.5
 0.6440600000000001 28.2
 0.6572200000000001 27.5
 0.670388 26.8
 0.683548 28
 0.6967080000000001 27.4
 0.7098720000000001 27.9
 0.723036 27.8
 0.7362040000000001 27.2
 0.749368 28.9
 0.762532 26.8
 0.775692 27.3
 0.788864 29.1
 0.802036 28.1
 0.8151999999999999 27.2
 0.828368 28.1
 0.8415319999999999 27.6
 0.854692 29.6
 0.8678520000000001 27.9
 0.881016 23.1
 0.8941840000000001 28.2
 0.907348 27.3
 0.9205160000000001 29.3
 0.9336800000000001 27.1
 0.946844 27.3
 0.960008 27.2
 0.973176 27.4
 0.9863440000000001 29.8
 0.9995079999999998 27.9
 1.012676 27.9
 1.02584 28.2
 1.039 25.8
 1.05216 28
 1.065324 28.3
 1.078484 27.5
 1.091644 27.2
 1.104804 27.2
 1.117964 27.5
 1.131132 27.8
 1.144292 28.5
 1.157464 28.4
 1.170632 25.7
 1.183804 27.7
 1.196964 26.9
 1.210124 29.3
 1.223288 27.9
 1.236452 25.6
 1.249624 26.7
 1.262792 28.2
 1.275956 26.7
 1.28912 27.7
 1.302276 29.2
 1.31544 28.6
 1.328604 28.1
 1.341772 25.9
 1.354936 27.7
 1.3681 29.7
 1.381268 28.1
 1.394436 27.4
 1.4076 26.7
 1.420768 27.7
 1.433932 28.5
 1.447104 28.4
 1.460268 26.8
 1.473432 30
 1.486592 24.5
 1.499756 27.4
 1.512916 27.7
 1.52608 28.4
 1.539248 28.3
 1.552412 24.9
 1.565576 28.3
 1.578744 28
 1.591904 27.4
 1.605064 26.5
 1.61822 27.7
 1.631384 27.9
 1.644548 27.7
 1.657716 25.4
 1.670888 25.9
 1.684048 27.3
 1.697212 27
 1.710372 26.4
 1.72354 28.6
 1.736704 28.7
 1.749868 28.2
 1.763032 27.9
 1.776192 27.6
 1.78936 26.7
 1.802516 29.7
 1.815684 27.3
 1.828844 27
 1.842 27.5
 1.855164 28.2
 1.868328 26.8
 1.881496 27.7
 1.89466 28.1
 1.90782 27.4
 1.920988 25.6
 1.934148 28
 1.947308 24.8
 1.960468 27.3
 1.973636 29.9
 1.986796 26
 1.99996 34.8
 2.013128 36.1
 2.026296 32.9
 2.03946 35.9
 2.05262 34.2
 2.065788 30.5
 2.078952 35.2
 2.092112 32.8
 2.105276 36.8
 2.11844 34.8
 2.131604 35
 2.144764 34.9
 2.157932 33.3
 2.171108 31.9
 2.184272 34.1
 2.19744 34.3
 2.210604 32.7
 2.223768 34.6
 2.236928 36.4
 2.2501 35.6
 2.263268 34.9
 2.276428 36.3
 2.289596 32.5
 2.302764 35.3
 2.315924 34.2
 2.329084 34.4
 2.342252 33.5
 2.355416 35.1
 2.36858 34.9
 2.381748 35.3
 2.394912 34.7
 2.408076 34.6
 2.421236 34
 2.434396 33.8
 2.447568 36.2
 2.460736 35.1
 2.473908 31.1
 2.487072 34.4
 2.500236 35.3
 2.5134 34.5
 2.526572 34.6
 2.53974 34.7
 2.552904 35.9
 2.566068 34.9
 2.579232 35.3
 2.592396 34.7
 2.60556 33.2
 2.618732 34.7
 2.6319 34.7
 2.645064 35.8
 2.658228 34.1
 2.671388 33
 2.684548 34
 2.697708 35
 2.710872 34.4
 2.72404 34.1
 2.737204 32.2
 2.750372 34.3
 2.763536 34.5
 2.776704 35.2
 2.789872 33.6
 2.80304 34.8
 2.816208 33.8
 2.829372 33.2
 2.842532 33
 2.855688 32.9
 2.868852 36.4
 2.882012 35
 2.895168 34
 2.908332 34.8
 2.921496 33.7
 2.93466 37.7
 2.947828 36.5
 2.960996 34.7
 2.97416 34.8
 2.98732 33.9
 3.000491999999999 32.4
 3.013652 34.8
 3.026812 35
 3.039976 34.2
 3.053135999999999 33
 3.0663 33.3
 3.079464 34.4
 3.092636 34.7
 3.105796 33.3
 3.118956 31.5
 3.132136 34.9
 3.145296 33.6
 3.15846 34
 3.17162 37.8
 3.184788 34.3
 3.197952 35.2
 3.211116 34.1
 3.224279999999999 32.2
 3.237439999999999 30.5
 3.250608 34.6
 3.263771999999999 35.4
 3.276948 34.2
 3.290112 32.8
 3.30328 33.9
 3.316456 35.2
 3.329624 34.4
 3.342792 34.6
 3.355956 33.7
 3.369124 32.8
 3.382288 34.6
 3.395456 33.9
 3.408628 34.2
 3.421792 38.4
 3.434956 32.9
 3.448119999999999 34.7
 3.461288 34.4
 3.474451999999999 30.9
 3.487616 31.7
 3.500788 36.6
 3.513955999999999 35.8
 3.527115999999999 34
 3.540276 34.7
 3.553444 34.5
 3.566604 33.3
 3.579768 34.9
 3.592948 34.2
 3.606116 32.7
 3.61928 31.9
 3.63244 34.8
 3.645612 31.6
 3.658768 34.2
 3.671932 33.9
 3.685104 33.5
 3.698264 34.4
 3.711431999999999 33.9
 3.724596 32.9
 3.737763999999999 33.2
 3.750928 34.9
 3.764092 34.9
 3.777267999999999 34.5
 3.790424 31.5
 3.803596 24.6
 3.816756 27.8
 3.829924 27
 3.84308 26.8
 3.85624 28.5
 3.869416 27.9
 3.882576 28.7
 3.895744 27.6
 3.908904 27.3
 3.922076 24
 3.935232 27.9
 3.948396 28.4
 3.96156 26.7
 3.97472 27.4
 3.987888 25.1
 4.001048 28
 4.014208 27.9
 4.027368 26.5
 4.040532 26.9
 4.053692 27.3
 4.066856 27.8
 4.080032 25.6
 4.0932 28.7
 4.10636 27.5
 4.11952 27.2
 4.13268 26.6
 4.145843999999999 26.6
 4.159008 28.8
 4.172175999999999 28
 4.185332 27.2
 4.198492 27.5
 4.211664 26.4
 4.224828 25.8
 4.237996 27.3
 4.25116 28.8
 4.264328 26.5
 4.277483999999999 28.1
 4.290643999999999 27.4
 4.303808 27.3
 4.316972 27.3
 4.330132 27
 4.343287999999999 28.2
 4.356456 28.6
 4.369628 27.2
 4.382788 27.3
 4.395956 27.8
 4.40912 26.4
 4.42228 28.5
 4.435448 28.7
 4.448615999999999 27.3
 4.461784 24.9
 4.474952 29.8
 4.488116 27.1
 4.50128 26.8
 4.51444 27
 4.527596 28.4
 4.540764 27.3
 4.553936 27.9
 4.567095999999999 27.6
 4.58026 28.8
 4.593424 27.6
 4.606587999999999 28.8
 4.619748 26
 4.632904 27.1
 4.646072 30.8
 4.659236 25.2
 4.6724 27.6
 4.685568 27.6
 4.698732 25.6
 4.711892 25.5
 4.725052 29.3
 4.73822 27.9
 4.75138 28
 4.764532 26.3
 4.777712 22.9
 4.790876 25.9
 4.804044 27.4
 4.817203999999999 27.6
 4.830376 25.2
 4.84354 25
 4.856695999999999 26.8
 4.869867999999999 27.1
 4.883036 27
 4.896196 26.5
 4.90936 24.9
 4.922524 28
 4.935688 28.6
 4.948848 27.8
 4.96202 29
 4.975175999999999 26.7
 4.988344 28.5
 5.001507999999999 27.8
 5.014676 27
 5.027836 27.7
 5.040996 26.9
 5.054156 27.3
 5.067316 28
 5.080484 25.8
 5.093652 29.7
 5.106816 30.4
 5.11998 28.1
 5.133147999999999 31.2
 5.146312 26.3
 5.159476 27.7
 5.172639999999999 27.6
 5.185804 26.1
 5.198964 29.8
 5.212128 25.7
 5.225292 27.1
 5.238456 27.5
 5.251624 27.4
 5.264792 26.3
 5.277956 28
 5.291112 27.1
 5.304284 27.2
 5.317448 26.4
 5.330608 27.5
 5.343776 28.1
 5.356948 27
 5.370112 29.3
 5.38328 27.9
 5.396444 28.3
 5.409608 27.9
 5.422772 26.8
 5.435932 27.3
 5.449108 26.8
 5.462272 25.9
 5.475432 28.5
 5.4886 28.2
 5.501764 26.1
 5.514924 26.3
 5.528084 26.4
 5.541252 26.9
 5.554412 27
 5.567564 29.7
 5.580728 28.3
 5.593891999999999 26.3
 5.607051999999999 25.5
 5.620216 27.3
 5.633392 27.3
 5.64656 27.8
 5.659724 27.7
 5.672892 24.9
 5.686056 26.8
 5.69922 27.2
 5.71238 27.5
 5.725552 27.3
 5.73872 26.9
 5.751888 29.2
 5.765052 26.9
 5.77822 26.9
 5.791384 28.3
 5.804548 28.6
 5.817716 27.9
 5.830884 25.4
 5.844048 26.9
 5.857216 25.3
 5.87038 25.9
 5.88354 28
 5.896695999999999 26.9
 5.909864 25.5
 5.923028 29.2
 5.936196 29.1
 5.949364 27.4
 5.962524 27
 5.975688 24.5
 5.988852 24.6
 6.00202 27.9
 6.015184 29.3
 6.028352 27.3
 6.041516 27.8
 6.054679999999999 27.2
 6.067848 27.3
 6.081008 28
 6.094164 27.5
 6.10734 27.2
 6.120508 27.3
 6.133675999999999 27.6
 6.14684 28.2
 6.160007999999999 27
 6.173168 24.7
 6.18634 25.4
 6.199504 28.2
 6.212668 27.7
 6.225828 27
 6.238983999999999 29.8
 6.252148 27.6
 6.265312 27.2
 6.27848 26.1
 6.291644 25
 6.304804 27.9
 6.317964 27.6
 6.331128 27.8
 6.344291999999999 25.7
 6.35746 25.2
