# Created by Octave 4.2.2, Wed Apr 22 14:47:33 2020 CEST <thibaultblf@thibaultblf-HP-EliteBook-840-G4>
# name: data
# type: matrix
# rows: 1167
# columns: 2
 0.008071999999999996 7.7
 0.02113999999999999 7.8
 0.03420799999999999 7.7
 0.047268 7.6
 0.06034 7.6
 0.07339999999999999 7.7
 0.08646399999999999 7.8
 0.09953200000000001 7.6
 0.112608 7.7
 0.12568 7.6
 0.138752 7.6
 0.151816 7.7
 0.164888 7.5
 0.177956 7.6
 0.191024 7.6
 0.204104 7.7
 0.217168 7.5
 0.230236 7.7
 0.243304 7.6
 0.256368 7.7
 0.269436 7.6
 0.282504 7.7
 0.295576 7.7
 0.30864 7.6
 0.3217 7.6
 0.33478 7.6
 0.347852 7.7
 0.360916 7.6
 0.373984 7.7
 0.387056 7.6
 0.400124 7.7
 0.413196 7.6
 0.426268 7.7
 0.4393359999999999 7.7
 0.4524 7.6
 0.465468 7.6
 0.47854 7.6
 0.491612 7.7
 0.504684 7.6
 0.517752 7.6
 0.53082 7.7
 0.543884 7.6
 0.556952 7.6
 0.57002 7.7
 0.583084 7.7
 0.596152 7.7
 0.60922 7.7
 0.622288 7.6
 0.63536 7.8
 0.648432 7.7
 0.661508 7.7
 0.6745719999999999 7.7
 0.687644 7.6
 0.700724 7.7
 0.713792 7.7
 0.72686 7.7
 0.739928 7.6
 0.752996 7.6
 0.766072 7.6
 0.7791399999999999 7.8
 0.792208 7.7
 0.80528 7.6
 0.81834 7.5
 0.831412 7.6
 0.844484 7.8
 0.857552 7.7
 0.870624 7.6
 0.8837 7.6
 0.8968120000000001 7.6
 0.9099240000000001 7.6
 0.9230440000000001 7.8
 0.9361560000000001 7.5
 0.949272 7.6
 0.9623879999999999 7.7
 0.975496 7.6
 0.9886119999999999 7.7
 1.001728 7.6
 1.014836 7.6
 1.027952 7.6
 1.041064 7.7
 1.054176 7.7
 1.067284 7.7
 1.080404 7.6
 1.09352 7.6
 1.10664 7.7
 1.119752 7.6
 1.132872 7.6
 1.145984 7.6
 1.159108 7.6
 1.172224 7.6
 1.18534 7.6
 1.198452 7.6
 1.211564 7.6
 1.224688 7.6
 1.237804 7.6
 1.250916 7.7
 1.264032 7.6
 1.277148 7.6
 1.290264 7.6
 1.303376 7.6
 1.316496 7.6
 1.329608 7.6
 1.342716 7.6
 1.355836 7.6
 1.368948 7.7
 1.382068 7.6
 1.39518 7.6
 1.408308 7.7
 1.42142 7.6
 1.434544 7.8
 1.447664 7.7
 1.460776 7.6
 1.473896 7.6
 1.487008 7.6
 1.500124 7.6
 1.513236 7.6
 1.526348 7.6
 1.539456 7.6
 1.552564 7.6
 1.56568 7.6
 1.578792 7.7
 1.591904 7.6
 1.605028 7.6
 1.61814 7.6
 1.631256 7.6
 1.644368 7.6
 1.65748 7.6
 1.670596 7.6
 1.683712 7.7
 1.696828 7.7
 1.709944 7.7
 1.723056 7.6
 1.736176 7.6
 1.7493 7.6
 1.762412 7.7
 1.775536 7.6
 1.78866 7.6
 1.801772 7.6
 1.81488 7.6
 1.828 7.5
 1.84112 7.6
 1.854232 7.6
 1.867344 7.6
 1.880464 7.6
 1.893576 7.6
 1.9067 7.7
 1.919812 7.6
 1.932936 7.6
 1.946048 7.5
 1.959164 7.7
 1.972276 7.7
 1.985388 7.6
 1.998508 7.6
 2.01162 7.6
 2.024728 7.7
 2.037844 7.6
 2.050956 7.6
 2.064064 7.6
 2.077184 7.6
 2.090312 7.7
 2.103432 7.6
 2.116552 7.6
 2.129672 7.6
 2.142792 7.6
 2.155904 7.6
 2.169024 7.8
 2.182144 7.6
 2.195256 7.6
 2.208368 7.6
 2.221488 7.6
 2.2346 7.7
 2.247716 7.6
 2.260828 7.7
 2.27394 7.6
 2.287056 7.7
 2.300172 7.7
 2.313288 7.7
 2.3264 7.6
 2.339512 7.6
 2.352628 7.8
 2.365748 7.6
 2.378872 7.6
 2.391984 7.6
 2.405108 7.7
 2.41822 7.6
 2.43134 7.6
 2.444452 7.5
 2.457568 7.6
 2.470684 7.5
 2.483792 7.5
 2.496912 7.7
 2.510024 7.7
 2.52314 7.7
 2.536252 7.5
 2.549364 7.6
 2.562484 7.7
 2.575596 7.6
 2.588716 7.7
 2.601828 7.6
 2.614936 7.7
 2.628056 7.6
 2.641168 7.7
 2.654288 7.6
 2.6674 7.6
 2.68052 7.9
 2.693632 7.6
 2.70676 7.6
 2.71988 7.6
 2.733 7.6
 2.74612 7.6
 2.75924 7.7
 2.772352 7.6
 2.785472 7.6
 2.798592 7.6
 2.811708 7.6
 2.824828 7.8
 2.83794 7.6
 2.85106 7.6
 2.864176 7.6
 2.877296 7.7
 2.890408 7.7
 2.903528 7.6
 2.91664 7.5
 2.929748 7.7
 2.942856 7.7
 2.955976 7.6
 2.9691 7.7
 2.982212 7.7
 2.995332 7.6
 3.008448 7.7
 3.021572 7.6
 3.034692 7.7
 3.047804 7.6
 3.060916 7.5
 3.074044 7.6
 3.08716 7.6
 3.100272 7.6
 3.11338 7.7
 3.1265 7.6
 3.139612 7.5
 3.152724 7.8
 3.165832 7.6
 3.178948 7.6
 3.19206 7.7
 3.20518 7.8
 3.218292 7.6
 3.2314 7.7
 3.24452 7.6
 3.257632 7.7
 3.270752 7.8
 3.283864 7.6
 3.296984 7.6
 3.310108 7.6
 3.32322 7.6
 3.33634 7.7
 3.349452 7.7
 3.362576 7.7
 3.375684 7.6
 3.3888 7.6
 3.401916 7.6
 3.415036 7.7
 3.428152 7.6
 3.441272 7.6
 3.454384 7.6
 3.4675 7.5
 3.480616 7.7
 3.493736 7.7
 3.506848 7.6
 3.519964 7.6
 3.53308 7.7
 3.546196 7.6
 3.559304 7.6
 3.57242 7.6
 3.585536 7.6
 3.598664 7.7
 3.61178 7.6
 3.624904 7.6
 3.638016 7.6
 3.651136 7.6
 3.664248 7.6
 3.677368 7.6
 3.690488 7.7
 3.7036 7.6
 3.716712 7.6
 3.729828 7.6
 3.742944 7.8
 3.75606 7.6
 3.769172 7.7
 3.782284 7.6
 3.795404 7.6
 3.808516 7.7
 3.821636 7.6
 3.834748 7.6
 3.847864 7.6
 3.86098 7.7
 3.874108 7.7
 3.887224 7.6
 3.90034 7.7
 3.913464 7.6
 3.926584000000001 7.8
 3.939696 7.6
 3.952812 7.6
 3.965936 7.6
 3.979056 7.6
 3.992164 7.7
 4.00528 7.6
 4.018392 7.7
 4.031511999999999 7.6
 4.044624 7.6
 4.057735999999999 7.5
 4.070843999999999 7.7
 4.083959999999999 7.5
 4.097075999999999 7.6
 4.110195999999999 7.6
 4.123308 7.6
 4.136424 7.7
 4.149535999999999 7.6
 4.162648 7.6
 4.175768 7.6
 4.188879999999999 7.7
 4.202004 7.6
 4.215116 7.7
 4.228236 7.7
 4.241347999999999 7.7
 4.254472 7.7
 4.267592 7.6
 4.280704 7.6
 4.293824 7.7
 4.30694 7.5
 4.32006 7.6
 4.333171999999999 7.6
 4.346287999999999 7.5
 4.359404 7.6
 4.372523999999999 7.6
 4.385636 7.6
 4.398756 7.8
 4.411867999999999 7.6
 4.424988 7.6
 4.438099999999999 7.5
 4.451207999999999 7.7
 4.464324 7.7
 4.47744 7.6
 4.490568 7.7
 4.503687999999999 7.6
 4.5168 7.7
 4.529916 7.6
 4.543036 7.6
 4.556156 7.6
 4.569268 7.6
 4.582395999999999 7.7
 4.595516 7.6
 4.608628 7.7
 4.621747999999999 7.6
 4.63486 7.6
 4.64798 7.6
 4.661092 7.6
 4.674212 7.6
 4.687323999999999 7.6
 4.700444 7.6
 4.713556 7.6
 4.726672 7.8
 4.739788 7.6
 4.752911999999999 7.6
 4.766024 7.6
 4.779144 7.7
 4.792263999999999 7.7
 4.805384 7.6
 4.818504 7.6
 4.831615999999999 7.6
 4.844735999999999 7.8
 4.857856 7.7
 4.870976 7.6
 4.884092 7.6
 4.897208 7.7
 4.910323999999999 7.7
 4.923439999999999 7.6
 4.936556 7.6
 4.949672 7.6
 4.962784 7.6
 4.975904 7.6
 4.989015999999999 7.7
 5.00214 7.6
 5.015251999999999 7.5
 5.028372 7.6
 5.041484 7.5
 5.0546 7.7
 5.067716 7.5
 5.080836 7.6
 5.093947999999999 7.6
 5.107068 7.7
 5.12018 7.6
 5.133304 7.6
 5.14642 7.6
 5.159535999999999 7.6
 5.172651999999999 7.8
 5.185767999999999 7.6
 5.19888 7.6
 5.211988 7.6
 5.225108 7.6
 5.238224 7.8
 5.25134 7.5
 5.264451999999999 7.7
 5.277571999999999 7.6
 5.290684 7.7
 5.303808 7.6
 5.316936 7.7
 5.330056 7.6
 5.343167999999999 7.6
 5.356287999999999 7.6
 5.3694 7.6
 5.382516 7.7
 5.395632 7.7
 5.408752 7.6
 5.421868 7.6
 5.434988 7.7
 5.448099999999999 7.7
 5.46122 7.6
 5.474332 7.6
 5.487448 7.7
 5.500564 7.7
 5.513675999999999 7.6
 5.526796 7.6
 5.539908 7.6
 5.553024 7.6
 5.56614 7.7
 5.579256 7.6
 5.592384 7.6
 5.605499999999999 7.6
 5.618624 7.6
 5.631743999999999 7.5
 5.64486 7.6
 5.657979999999999 7.6
 5.671092 7.6
 5.684215999999999 7.6
 5.697328 7.7
 5.710448 7.6
 5.72356 7.6
 5.73668 7.5
 5.749791999999999 7.6
 5.762904 7.8
 5.77602 7.7
 5.789132 7.6
 5.802251999999999 7.5
 5.815364 7.5
 5.828472 7.7
 5.841591999999999 7.6
 5.854704 7.6
 5.867827999999999 7.6
 5.880944 7.6
 5.894063999999999 7.7
 5.907188 7.6
 5.920307999999999 7.6
 5.93342 7.6
 5.94654 7.6
 5.959664 7.6
 5.972779999999999 7.6
 5.9859 7.7
 5.999012 7.6
 6.012131999999999 7.6
 6.025244 7.7
 6.03836 7.7
 6.051476 7.6
 6.064591999999999 7.6
 6.077707999999999 7.5
 6.090815999999999 7.7
 6.103936 7.6
 6.117048 7.6
 6.130164 7.6
 6.143284 7.6
 6.156408 7.8
 6.169519999999999 7.6
 6.182647999999999 7.6
 6.195767999999999 7.6
 6.20888 7.6
 6.222 7.7
 6.235116 7.5
 6.248235999999999 7.6
 6.261348 7.6
 6.274468 7.6
 6.287579999999999 7.6
 6.3007 7.7
 6.313812 7.7
 6.326931999999999 7.7
 6.340044 7.6
 6.35316 7.7
 6.366276 7.6
 6.379388 7.6
 6.392507999999999 7.6
 6.40562 7.6
 6.418752 7.7
 6.431868 7.7
 6.444979999999999 7.6
 6.4581 7.6
 6.471212 7.7
 6.484319999999999 7.7
 6.49744 7.6
 6.510555999999999 7.5
 6.523671999999999 7.6
 6.536784 7.6
 6.549892 7.7
 6.563012 7.6
 6.576131999999999 7.6
 6.589248 7.6
 6.602367999999999 7.6
 6.61548 7.6
 6.6286 7.7
 6.641716 7.7
 6.654827999999999 7.6
 6.667943999999999 7.6
 6.681056 7.7
 6.694176 7.6
 6.707287999999999 7.6
 6.720408 7.6
