# Created by Octave 4.2.2, Wed Apr 22 14:49:13 2020 CEST <thibaultblf@thibaultblf-HP-EliteBook-840-G4>
# name: estimations
# type: matrix
# rows: 6
# columns: 2
 0 7.792200000000001
 9.999000000000001 7.792200000000001
 10 30.87
 11.999 30.87
 12 7.792200000000001
 15 7.792200000000001


