# Created by Octave 4.2.2, Wed Apr 22 14:38:28 2020 CEST <thibaultblf@thibaultblf-HP-EliteBook-840-G4>
# name: data
# type: matrix
# rows: 115
# columns: 2
 0 26.5
 0.01316000000000006 321
 0.02633599999999992 242.8
 0.03954400000000002 195.89999
 0.05276799999999993 165.89999
 0.06599200000000005 145.6
 0.07919999999999994 134.19999
 0.09243200000000007 124.2
 0.1056440000000001 118.2
 0.11886 115.6
 0.1320680000000001 110.1
 0.145284 108.5
 0.158496 111.80001
 0.171708 110.6
 0.184928 106.6
 0.198148 101.30001
 0.2113719999999999 106.2
 0.22458 108.30001
 0.2378119999999999 100.80001
 0.2510319999999999 109.6
 0.2642439999999999 98.5
 0.277404 107.1
 0.2906199999999999 104.7
 0.303828 108.7
 0.317048 104.1
 0.330252 9.800000000000001
 0.3433759999999999 14.1
 0.356544 26.9
 0.3697079999999999 27.5
 0.382876 27.9
 0.3960360000000001 27
 0.409208 26.7
 0.422372 26.6
 0.4355359999999999 26.6
 0.448696 26.6
 0.4618679999999999 27.1
 0.475036 26.7
 0.4881960000000001 26.7
 0.501368 26.7
 0.5145279999999999 318.5
 0.52772 249
 0.5408919999999999 197.89999
 0.554128 164.69999
 0.567364 144.3
 0.5805799999999999 126.9
 0.593796 127.9
 0.6070039999999999 120.1
 0.620212 114.6
 0.633424 105.80001
 0.646644 112.6
 0.6598519999999999 100.2
 0.673068 84.30001
 0.68624 8.699999999999999
 0.6993639999999999 32.4
 0.7125319999999999 30.7
 0.7256959999999999 27.6
 0.738856 26.7
 0.752016 26.8
 0.7651839999999999 27.2
 0.778348 26.7
 0.791512 26.6
 0.8046799999999998 26.7
 0.817844 26.7
 0.8310119999999999 26.9
 0.844176 26.9
 0.8573399999999998 26.8
 0.8705080000000001 26.8
 0.8836680000000001 26.8
 0.8968400000000001 26.8
 0.9100039999999998 26.7
 0.9231639999999999 26.7
 0.9363239999999999 26.6
 0.9494919999999998 26.9
 0.962656 26.8
 0.9758200000000001 26.7
 0.988988 26.7
 1.002152 26.7
 1.015312 325.5
 1.028504 249
 1.041676 199.1
 1.054892 165.39999
 1.068128 146.3
 1.081336 125.30001
 1.094556 125.1
 1.10778 120.2
 1.120992 119.5
 1.134204 106.7
 1.147412 110.6
 1.160624 104.80001
 1.173844 1.9
 1.18696 25.5
 1.200124 34
 1.213276 34
 1.226436 27.5
 1.239596 26.7
 1.25276 26.9
 1.265932 27.2
 1.279092 26.8
 1.292256 26.9
 1.305424 27.3
 1.318584 27
 1.33174 26.9
 1.344904 26.9
 1.358072 26.9
 1.371232 27
 1.384388 27
 1.397548 27
 1.410712 26.9
 1.423876 26.9
 1.43704 26.9
 1.450204 27
 1.463368 26.7
 1.476536 26.9
 1.489696 26.9
 1.502856 27


