# Created by Octave 5.2.0, Tue May 12 10:37:47 2020 GMT <unknown@DESKTOP-5OFQEFG>
# name: e
# type: matrix
# rows: 200
# columns: 2
 0 133.352
 0.00024489795918367346 160.75363265306123
 0.00048979591836734691 188.15526530612246
 0.00073469387755102037 215.55689795918366
 0.00097959183673469383 242.95853061224491
 0.0012244897959183673 270.36016326530608
 0.0014693877551020407 297.76179591836728
 0.0017142857142857142 325.16342857142854
 0.0019591836734693877 352.5650612244898
 0.0022040816326530611 379.96669387755099
 0.0024489795918367346 407.36832653061219
 0.002693877551020408 434.76995918367345
 0.0029387755102040815 462.17159183673465
 0.0031836734693877549 489.57322448979585
 0.0034285714285714284 516.9748571428571
 0.0036734693877551019 544.37648979591825
 0.0039183673469387753 571.77812244897962
 0.0041632653061224488 599.17975510204076
 0.0044081632653061222 626.58138775510201
 0.0046530612244897957 653.98302040816327
 0.0048979591836734691 681.38465306122441
 0.0051428571428571426 708.78628571428567
 0.005387755102040816 736.18791836734692
 0.0056326530612244895 763.58955102040818
 0.005877551020408163 790.99118367346932
 0.0061224489795918364 818.39281632653058
 0.0063673469387755099 845.79444897959172
 0.0066122448979591833 873.19608163265298
 0.0068571428571428568 900.59771428571423
 0.0071020408163265302 927.99934693877537
 0.0073469387755102037 955.40097959183663
 0.0075918367346938772 982.80261224489789
 0.0078367346938775506 1010.2042448979591
 0.0080816326530612249 1037.6058775510207
 0.0083265306122448975 1065.0075102040817
 0.0085714285714285701 1092.4091428571428
 0.0088163265306122444 1119.8107755102042
 0.0090612244897959188 1147.2124081632655
 0.0093061224489795914 1174.6140408163267
 0.0095510204081632639 1202.0156734693876
 0.0097959183673469383 1229.417306122449
 0.010040816326530613 1256.8189387755103
 0.010285714285714285 1284.2205714285715
 0.010530612244897958 1311.6222040816326
 0.010775510204081632 1339.023836734694
 0.011020408163265306 1366.4254693877551
 0.011265306122448979 1393.8271020408165
 0.011510204081632652 1421.2287346938774
 0.011755102040816326 1448.6303673469388
 0.012 1476.0320000000002
 0.012 1595.7403852305467
 0.014612244897959184 1512.6037647417068
 0.017224489795918368 1435.9835662814392
 0.019836734693877551 1365.3690190750251
 0.022448979591836733 1300.2893876283308
 0.025061224489795919 1240.3108336788566
 0.027673469387755101 1185.0335241136263
 0.030285714285714287 1134.088965574515
 0.03289795918367347 1087.1375479827752
 0.035510204081632649 1043.8662806072514
 0.038122448979591841 1003.9867055842921
 0.04073469387755102 967.23297498033457
 0.043346938775510199 933.36007857833931
 0.045959183673469392 902.1422105740296
 0.048571428571428571 873.37126429389093
 0.05118367346938775 846.85544490031998
 0.053795918367346943 822.41799083584078
 0.056408163265306122 799.89599548319813
 0.0590204081632653 779.13932118619107
 0.061632653061224493 760.0095983918261
 0.064244897959183672 742.37930324179752
 0.066857142857142851 726.13090746427565
 0.069469387755102044 711.15609489895326
 0.072081632653061223 697.35503943249569
 0.074693877551020402 684.63573953091861
 0.077306122448979595 672.91340493270945
 0.079918367346938773 662.10989141422294
 0.082530612244897952 652.15317985934632
 0.085142857142857145 642.97689616077207
 0.087755102040816324 634.51986875241289
 0.090367346938775503 626.72572082334943
 0.092979591836734696 619.5424944949026
 0.095591836734693875 612.92230445549035
 0.098204081632653054 606.82101874430896
 0.10081632653061225 601.19796455585697
 0.10342857142857143 596.0156571041141
 0.1060408163265306 591.23954973891307
 0.1086530612244898 586.83780364871245
 0.11126530612244898 582.78107561454647
 0.11387755102040815 579.04232240026533
 0.11648979591836735 575.59662047507527
 0.11910204081632653 572.42099986660423
 0.12171428571428571 569.49429103691079
 0.1243265306122449 566.79698376067097
 0.12693877551020408 564.31109706478867
 0.12955102040816327 562.02005936241039
 0.13216326530612246 559.90859798228678
 0.13477551020408163 557.96263735705338
 0.13738775510204082 556.16920519172652
 0.14000000000000001 554.5163459869093
 0.14000000000000001 550.85199999999998
 0.14448979591836736 550.85199999999998
 0.1489795918367347 550.85199999999998
 0.15346938775510205 550.85199999999998
 0.15795918367346939 550.85199999999998
 0.16244897959183674 550.85199999999998
 0.16693877551020408 550.85199999999998
 0.17142857142857143 550.85199999999998
 0.17591836734693878 550.85199999999998
 0.18040816326530612 550.85199999999998
 0.18489795918367347 550.85199999999998
 0.18938775510204081 550.85199999999998
 0.19387755102040816 550.85199999999998
 0.1983673469387755 550.85199999999998
 0.20285714285714285 550.85199999999998
 0.20734693877551019 550.85199999999998
 0.21183673469387754 550.85199999999998
 0.21632653061224488 550.85199999999998
 0.22081632653061223 550.85199999999998
 0.22530612244897957 550.85199999999998
 0.22979591836734692 550.85199999999998
 0.23428571428571426 550.85199999999998
 0.23877551020408161 550.85199999999998
 0.24326530612244895 550.85199999999998
 0.24775510204081633 550.85199999999998
 0.2522448979591837 550.85199999999998
 0.25673469387755099 550.85199999999998
 0.26122448979591839 550.85199999999998
 0.26571428571428568 550.85199999999998
 0.27020408163265308 550.85199999999998
 0.27469387755102037 550.85199999999998
 0.27918367346938777 550.85199999999998
 0.28367346938775506 550.85199999999998
 0.28816326530612246 550.85199999999998
 0.29265306122448975 550.85199999999998
 0.29714285714285715 550.85199999999998
 0.30163265306122444 550.85199999999998
 0.30612244897959184 550.85199999999998
 0.31061224489795913 550.85199999999998
 0.31510204081632653 550.85199999999998
 0.31959183673469382 550.85199999999998
 0.32408163265306122 550.85199999999998
 0.32857142857142851 550.85199999999998
 0.33306122448979592 550.85199999999998
 0.3375510204081632 550.85199999999998
 0.34204081632653061 550.85199999999998
 0.3465306122448979 550.85199999999998
 0.3510204081632653 550.85199999999998
 0.35551020408163264 550.85199999999998
 0.35999999999999999 550.85199999999998
 0.35999999999999999 133.352
 0.36285714285714282 133.352
 0.36571428571428571 133.352
 0.36857142857142855 133.352
 0.37142857142857144 133.352
 0.37428571428571428 133.352
 0.37714285714285711 133.352
 0.38 133.352
 0.38285714285714284 133.352
 0.38571428571428568 133.352
 0.38857142857142857 133.352
 0.3914285714285714 133.352
 0.39428571428571429 133.352
 0.39714285714285713 133.352
 0.40000000000000002 133.352
 0.40285714285714286 133.352
 0.40571428571428569 133.352
 0.40857142857142859 133.352
 0.41142857142857142 133.352
 0.41428571428571426 133.352
 0.41714285714285715 133.352
 0.41999999999999998 133.352
 0.42285714285714282 133.352
 0.42571428571428571 133.352
 0.4285714285714286 133.352
 0.43142857142857144 133.352
 0.43428571428571427 133.352
 0.43714285714285717 133.352
 0.44 133.352
 0.44285714285714284 133.352
 0.44571428571428573 133.352
 0.44857142857142857 133.352
 0.4514285714285714 133.352
 0.45428571428571429 133.352
 0.45714285714285713 133.352
 0.46000000000000002 133.352
 0.46285714285714286 133.352
 0.46571428571428575 133.352
 0.46857142857142858 133.352
 0.47142857142857142 133.352
 0.47428571428571431 133.352
 0.47714285714285715 133.352
 0.47999999999999998 133.352
 0.48285714285714287 133.352
 0.48571428571428571 133.352
 0.48857142857142855 133.352
 0.49142857142857144 133.352
 0.49428571428571433 133.352
 0.49714285714285716 133.352
 0.5 133.352


