# Created by Octave 4.2.2, Thu Apr 23 15:31:24 2020 CEST <thibaultblf@thibaultblf-HP-EliteBook-840-G4>
# name: estimation
# type: matrix
# rows: 18
# columns: 2
 0 0.2306
 0.078 0.2306
 0.0780001 0.11655
 0.36 0.11655
 0.360001 0.02645
 0.499999 0.02645
 0.5 0.2306
 0.578 0.2306
 0.57800001 0.11655
 0.68 0.11655
 0.6800001 0.02645
 0.999 0.02645
 1 0.2306
 1.078 0.2306
 1.0780001 0.11655
 1.18 0.11655
 1.180001 0.02645
 1.5 0.02645


