# Created by Octave 4.2.2, Wed Apr 22 10:10:22 2020 CEST <thibaultblf@thibaultblf-HP-EliteBook-840-G4>
# name: data
# type: matrix
# rows: 1037
# columns: 2
 0.005463999999999913 25.4
 0.01857599999999993 25.2
 0.03169599999999995 25.4
 0.04481599999999997 25.3
 0.05793199999999998 25.4
 0.071052 25.4
 0.08416399999999991 25.6
 0.09727999999999992 25.5
 0.1103959999999999 25.5
 0.1235039999999999 25.5
 0.136628 25.5
 0.149744 25.6
 0.162868 25.5
 0.1759839999999999 25.4
 0.1891079999999999 25.2
 0.2022279999999999 25
 0.215384 25
 0.2285439999999999 24.9
 0.2417039999999999 24.8
 0.254864 24.9
 0.268032 24.9
 0.281196 25.3
 0.2943639999999998 25.4
 0.307528 25.3
 0.320692 25.4
 0.3338559999999999 25.7
 0.347016 25.5
 0.360188 25.6
 0.3733519999999999 25.4
 0.3865079999999999 25.3
 0.399672 25.5
 0.412836 25.3
 0.4259999999999999 25.1
 0.43916 25
 0.4523239999999999 25.2
 0.465484 25.1
 0.4786439999999998 25
 0.491808 25
 0.504964 25
 0.518124 25.1
 0.5312839999999999 25.5
 0.5444560000000001 25.4
 0.5576239999999999 25.4
 0.570784 25.5
 0.5839559999999999 25.6
 0.5971199999999999 25.6
 0.610284 25.4
 0.62344 25.2
 0.6366159999999998 25.2
 0.6497839999999999 25.5
 0.662952 25.1
 0.6761159999999999 25
 0.6892719999999999 25
 0.7024319999999999 25.3
 0.7155959999999999 25.1
 0.728764 25.1
 0.7419279999999999 25
 0.7550919999999999 25.2
 0.768248 25.6
 0.781412 25.4
 0.7945720000000001 25.5
 0.8077399999999999 25.4
 0.8209039999999999 25.4
 0.834076 25.5
 0.8472439999999999 25.4
 0.8604080000000001 25.4
 0.873564 25.2
 0.886728 25.2
 0.899888 25.5
 0.9130559999999999 25.3
 0.92622 25
 0.939376 25
 0.952536 25.3
 0.965708 25.1
 0.978872 25.1
 0.9920359999999999 25.1
 1.005204 25.2
 1.018372 25.6
 1.03154 25.4
 1.044704 25.4
 1.057868 25.4
 1.071032 25.3
 1.084192 25.5
 1.097352 25.6
 1.110512 25.5
 1.12368 25.4
 1.13684 25.5
 1.150016 25.8
 1.16318 25.4
 1.176348 25.4
 1.189512 25.4
 1.202684 25.5
 1.215844 25.5
 1.229012 25.4
 1.242184 25.2
 1.255348 25.3
 1.268508 25.5
 1.281676 25.3
 1.294844 25.4
 1.308008 25.2
 1.321172 25.4
 1.334344 25.4
 1.347512 25.3
 1.360676 25.2
 1.373844 25.2
 1.387012 25.1
 1.400172 25.5
 1.413336 25.5
 1.426508 25.3
 1.439672 25.3
 1.45284 25.4
 1.466008 25.4
 1.479172 25.5
 1.492336 25.4
 1.5055 25.4
 1.518668 25.7
 1.531828 25.5
 1.544996 25.4
 1.55816 25.4
 1.571332 25.6
 1.584492 25.5
 1.597656 25.5
 1.610828 25.5
 1.623992 25.4
 1.637156 25.7
 1.65032 25.5
 1.663492 25.4
 1.676656 25.4
 1.689816 25.3
 1.702988 25.3
 1.716148 25.5
 1.729312 25.5
 1.74248 25.4
 1.755652 25.4
 1.768816 25.6
 1.78198 25.4
 1.795148 25.4
 1.808312 25.4
 1.821472 25.5
 1.834628 25.6
 1.847792 25.4
 1.860956 25.3
 1.87412 25.4
 1.887288 25.6
 1.900448 25.5
 1.913612 25.5
 1.926772 25.3
 1.93994 25.3
 1.953104 25.5
 1.966272 25.4
 1.979448 25.4
 1.992616 25.4
 2.005784 25.3
 2.018944 25.5
 2.032112 25.4
 2.045268 25.3
 2.058432 25.5
 2.071608 25.4
 2.084768 25.5
 2.097932 25.5
 2.111092 25.4
 2.12426 25.4
 2.137424 25.6
 2.150584 25.5
 2.163748 25.5
 2.176916 25.4
 2.19008 25.6
 2.203236 25.5
 2.216404 25.5
 2.229568 25.3
 2.242736 25.4
 2.2559 25.7
 2.26906 25.5
 2.282232 25.4
 2.2954 25.4
 2.308564 25.4
 2.321728 25.3
 2.334892 25.5
 2.34806 25.3
 2.361228 25.4
 2.374396 25.4
 2.38756 25.6
 2.400724 25.4
 2.41388 25.4
 2.427044 25.3
 2.440204 25.5
 2.453368 25.6
 2.466532 25.5
 2.479692 25.5
 2.492852 25.4
 2.50602 25.7
 2.51918 25.5
 2.53234 25.4
 2.545504 25.3
 2.558668 25.3
 2.571836 25.5
 2.585 25.4
 2.598168 25.5
 2.611332 25.4
 2.6245 25.4
 2.637664 25.7
 2.650828 25.5
 2.664 25.3
 2.677164 25.4
 2.690332 25.4
 2.703492 25.5
 2.716656 25.5
 2.72982 25.3
 2.742992 25.4
 2.756164 25.8
 2.769328 25.6
 2.782492 25.5
 2.79566 25.4
 2.808824 25.5
 2.821988 25.5
 2.83516 25.5
 2.848324 25.3
 2.861492 25.4
 2.87466 25.5
 2.887824 25.5
 2.900984 25.5
 2.914152 25.4
 2.92732 25.4
 2.940484 25.5
 2.953648 25.6
 2.966816 25.5
 2.97998 25.4
 2.993144 25.4
 3.006304 25.7
 3.01948 25.5
 3.032644 25.4
 3.045808 25.4
 3.05898 25.5
 3.072144 25.6
 3.085304 25.5
 3.098472 25.4
 3.11164 25.3
 3.124804 25.7
 3.137964 25.5
 3.151136 25.4
 3.1643 25.4
 3.17746 25.5
 3.19062 25.4
 3.203784 25.5
 3.216944 25.5
 3.230112 25.3
 3.24328 25.3
 3.256444 25.7
 3.269608 25.4
 3.282776 25.4
 3.29594 25.5
 3.309112 25.4
 3.322272 25.5
 3.335444 25.5
 3.348608 25.4
 3.361776 25.4
 3.37494 25.8
 3.388104 25.5
 3.401276 25.5
 3.41444 25.4
 3.427608 25.2
 3.440772 25.6
 3.453932 25.5
 3.4671 25.4
 3.480268 25.4
 3.49344 25.3
 3.506604 25.6
 3.519772 25.4
 3.532936 25.4
 3.5461 25.4
 3.55926 25.5
 3.572432 25.6
 3.5856 25.4
 3.598764 25.4
 3.611932 25.3
 3.625096 25.7
 3.638256 25.5
 3.651424 25.4
 3.664596 25.4
 3.677756 25.5
 3.69092 25.5
 3.704092 25.4
 3.717252 25.5
 3.730412 25.3
 3.743576 25.7
 3.756744 25.5
 3.769908 25.4
 3.783072 25.4
 3.79624 25.5
 3.809404 25.4
 3.822564 25.5
 3.835724 25.5
 3.848888 25.3
 3.862056 25.4
 3.87522 25.7
 3.888388 25.5
 3.901552 25.4
 3.914716 25.4
 3.92788 25.4
 3.941052 25.6
 3.95422 25.5
 3.967384 25.4
 3.980548 25.4
 3.993712 25.8
 4.006876 25.4
 4.02004 25.4
 4.033208 25.4
 4.046376 25.4
 4.059536 25.5
 4.072708 25.4
 4.085872 25.4
 4.099036 25.4
 4.1122 25.3
 4.125368 25.6
 4.138536 25.4
 4.1517 25.3
 4.164868 25.3
 4.178032 25.4
 4.191196 25.6
 4.204356 25.5
 4.217528 25.4
 4.230696 25.3
 4.243864 25.7
 4.257028 25.4
 4.270192 25.4
 4.28336 25.4
 4.29652 25.5
 4.309692 25.4
 4.32286 25.4
 4.336024 25.3
 4.349188 25.4
 4.362352 25.4
 4.375512 25.5
 4.38868 25.3
 4.401852 25.3
 4.41502 25.3
 4.428184 25.4
 4.441348 25.7
 4.454512 25.4
 4.467676 25.2
 4.48084 25.4
 4.494008 25.6
 4.50718 25.5
 4.52034 25.5
 4.533508 25.3
 4.546672 25.3
 4.559832 25.5
 4.572996 25.5
 4.586168 25.4
 4.599336 25.4
 4.6125 25.7
 4.625668 25.3
 4.638832 25.4
 4.651996 25.4
 4.665164 25.4
 4.678332 25.4
 4.6915 25.4
 4.704664 25.3
 4.717832 25.4
 4.730996 25.4
 4.74416 25.6
 4.75732 25.5
 4.770492 25.4
 4.783664 25.2
 4.796828 25.3
 4.809996 25.6
 4.82316 25.5
 4.836328 25.4
 4.849492 25.3
 4.86266 25.5
 4.875824 25.3
 4.888988 25.4
 4.902148 25.5
 4.915308 25.4
 4.928472 25.5
 4.941636 25.4
 4.954804 25.2
 4.967972 25.3
 4.981136 25.6
 4.9943 25.7
 5.00746 25.5
 5.020632 25.5
 5.033796 25.2
 5.046964 25.2
 5.060132 25.7
 5.073296 25.4
 5.086456 25.5
 5.09962 25.5
 5.112792 25.6
 5.125956 25.3
 5.139124 25.2
 5.152292 25.2
 5.165456 25.3
 5.178628 25.8
 5.191792 25.6
 5.204952 25.5
 5.218124 25.1
 5.231292 25.4
 5.24446 25.2
 5.257624 25.2
 5.270792 25.5
 5.283956 25.5
 5.297116 25.5
 5.31028 25.5
 5.323452 25.3
 5.33662 25.1
 5.349788 25.1
 5.362956 25.5
 5.37612 25.6
 5.389284 25.6
 5.402448 25.5
 5.41562 25.4
 5.428788 25.6
 5.441952 25.2
 5.455132 24.9
 5.468288 25
 5.481452 25.4
 5.494616 25.4
 5.507784 25.6
 5.520952 25.5
 5.534116 25.4
 5.547284 25.6
 5.560448 25.4
 5.573612 25.1
 5.58678 24.9
 5.599948 25
 5.613112 25.2
 5.626276 25.1
 5.639448 25.4
 5.652612 25.5
 5.665772 25.5
 5.678944 25.8
 5.69212 25.3
 5.705284 25.3
 5.718452 25.2
 5.73162 25.1
 5.744784 25
 5.75794 25
 5.771096 25.1
 5.784264 25.1
 5.797432 25.5
 5.810596 25.6
 5.823764 25.6
 5.836924 25.5
 5.850092 25.4
 5.863252 25.6
 5.876424 25.4
 5.889596 25.2
 5.902756 25
 5.915924 24.8
 5.929088 25.1
 5.942252 24.9
 5.955408 24.7
 5.968576 24.8
 5.98174 25.3
 5.994904 25.4
 6.008068 25.6
 6.021232 25.3
 6.0344 25.5
 6.047564 25.9
 6.060732 25.7
 6.0739 25.5
 6.087064 25.3
 6.100228 25.9
 6.113392 25.5
 6.126556 25.4
 6.13972 25.4
 6.152884 25
 6.166052 24.9
 6.179216 25.4
 6.192372 25
 6.205536 24.8
 6.2187 24.8
 6.231864 24.8
 6.245032 24.8
 6.2582 24.9
 6.271372 24.7
 6.284536 24.7
 6.297692 25.1
 6.310856 24.8
 6.32402 24.8
 6.337192 24.7
 6.350364 24.8
 6.363532 24.9
 6.376696 24.8
 6.389852 24.8
 6.403016 24.8
 6.41618 24.9
 6.429344 24.8
 6.442512 24.8
 6.455676 24.8
 6.46884 24.8
 6.482008 24.8
 6.495172 24.8
 6.50834 24.6
 6.521512 24.8
 6.53468 24.7
 6.547844 25.1
 6.561012 24.9
 6.57418 24.7
 6.587352 24.7
 6.600512 25
 6.61368 24.8
 6.626848 24.8
 6.640016 25
