# Created by Octave 4.2.2, Mon May 25 15:07:16 2020 CEST <thibaultblf@thibaultblf-HP-EliteBook-840-G4>
# name: data
# type: matrix
# rows: 540
# columns: 2
 0 122.5
 0.005216 1781.99995
 0.010584 1616.00005
 0.015932 1403.9999
 0.021284 1311.99995
 0.026644 1157.5
 0.03194 1055.5
 0.037248 995.9999500000001
 0.042596 890.5
 0.047916 855.5
 0.053244 803
 0.058548 779.49995
 0.06388000000000001 738.4999500000001
 0.06923600000000001 718.4999500000001
 0.0746 705
 0.079872 687.5
 0.085164 669
 0.09046800000000001 646.5
 0.09578 611.50005
 0.101108 607
 0.106436 596
 0.111752 585.5
 0.11708 578
 0.122392 581
 0.127692 587.5
 0.133012 564.5
 0.138356 569.00005
 0.143688 537
 0.14902 567
 0.154332 556.50005
 0.159684 540
 0.164996 534.00005
 0.170344 542
 0.175668 562
 0.180984 545.5
 0.1863 523
 0.19162 546
 0.196952 523
 0.202284 539.5
 0.207592 528.5
 0.212908 529.5
 0.218212 544.00005
 0.22356 527
 0.228892 516
 0.234204 548.5
 0.239508 526
 0.244836 520
 0.25016 537
 0.255484 521.50005
 0.260832 539.00005
 0.26618 531.50005
 0.271516 536
 0.27682 516
 0.282152 539.5
 0.287456 522.5
 0.292784 526
 0.298092 546
 0.303428 519.5
 0.308744 528.5
 0.314048 508
 0.319364 259
 0.324556 56.5
 0.32974 89
 0.334924 39.5
 0.345184 48.5
 0.350304 70
 0.355492 201.5
 0.360684 221.5
 0.365888 111
 0.37108 122.5
 0.376272 133.5
 0.381476 145.5
 0.386668 123.5
 0.391868 128.5
 0.397052 119
 0.402244 120
 0.407412 119.5
 0.412616 119
 0.417792 119
 0.423 119.5
 0.428176 119.5
 0.433368 119
 0.438692 119.5
 0.444 119.5
 0.449308 119.5
 0.45464 119.5
 0.459956 119.5
 0.46526 119.5
 0.470584 119.5
 0.475904 119.5
 0.48122 120
 0.486504 152
 0.491836 124.5
 0.497144 124.5
 0.502452 125.5
 0.507764 125.5
 0.513096 125
 0.5183759999999999 125
 0.523676 123.5
 0.528984 124
 0.534292 123.5
 0.539612 123.5
 0.54494 122.5
 0.550248 120
 0.555576 119.5
 0.56088 120
 0.566188 120
 0.571504 119.5
 0.576848 119.5
 0.582172 120
 0.587488 120
 0.592776 120
 0.5980799999999999 120
 0.60338 119.5
 0.6087 119.5
 0.614008 119.5
 0.619316 119
 0.62464 119
 0.629952 120
 0.635252 119.5
 0.64058 120
 0.645884 120
 0.651192 120
 0.656488 119.5
 0.66182 120
 0.66712 119.5
 0.672428 120
 0.677732 119.5
 0.683072 119.5
 0.68838 119.5
 0.6937 120
 0.699004 119
 0.704312 119.5
 0.7096440000000001 120
 0.714932 120
 0.720228 120.5
 0.725556 119.5
 0.730864 119.5
 0.7361799999999999 120
 0.741488 120
 0.746772 162
 0.752084 146
 0.757392 127.5
 0.7627 130
 0.768 129
 0.773316 129.5
 0.778628 129.5
 0.78394 126
 0.7892479999999999 126
 0.794564 126.5
 0.799876 126.5
 0.805208 120
 0.810536 120
 0.815848 120
 0.821132 120.5
 0.826476 120
 0.831776 120
 0.837076 120.5
 0.842384 120.5
 0.847692 120
 0.852988 120
 0.8582880000000001 120
 0.863568 120
 0.868892 120
 0.874192 120
 0.8794920000000001 119.5
 0.884836 119.5
 0.8901480000000001 119.5
 0.895452 120
 0.900772 120.5
 0.90608 120
 0.9114 120
 0.9167 120
 0.921988 120.5
 0.927304 120
 0.932608 120
 0.937916 119.5
 0.9432199999999999 120
 0.948528 120
 0.953828 119.5
 0.959132 120
 0.96444 120
 0.969768 120.5
 0.975088 120.5
 0.9804 120.5
 0.985708 120.5
 0.991036 121
 0.996368 119.5
 1.001676 120.5
 1.006984 120
 1.012296 120
 1.017616 119.5
 1.022948 120.5
 1.028264 120
 1.03356 120
 1.038876 120.5
 1.044188 120.5
 1.049508 120.5
 1.05484 120.5
 1.060172 120.5
 1.0655 120.5
 1.070828 120
 1.076116 120
 1.08144 120.5
 1.086772 120
 1.092056 120
 1.09736 119.5
 1.102676 120.5
 1.108016 120
 1.113316 120.5
 1.118624 120
 1.123936 120
 1.12924 120.5
 1.13456 119.5
 1.139868 120
 1.14518 119.5
 1.150504 120
 1.155804 120
 1.161104 120
 1.166432 120
 1.171716 120
 1.177008 120
 1.182304 120
 1.187624 120
 1.192924 120
 1.198208 119.5
 1.20354 119.5
 1.208868 120.5
 1.214176 119.5
 1.2195 119.5
 1.22482 120.5
 1.230152 120.5
 1.235484 120
 1.240796 120.5
 1.246116 120.5
 1.251436 120
 1.256716 120
 1.262016 120.5
 1.267344 120
 1.272644 120
 1.277948 120
 1.283232 120
 1.288536 120.5
 1.293856 120.5
 1.299176 120
 1.30446 120
 1.309776 120.5
 1.315084 120.5
 1.320392 120.5
 1.32572 120
 1.331036 120
 1.336352 120
 1.341656 120
 1.34694 120.5
 1.352276 120.5
 1.357608 120
 1.362908 120
 1.368192 120
 1.3735 120.5
 1.378804 120
 1.384124 120
 1.389408 120.5
 1.394764 120
 1.400048 120
 1.405344 120
 1.410648 120
 1.415952 120
 1.421248 120.5
 1.426572 120
 1.43188 120
 1.437176 120
 1.44248 120.5
 1.447808 120.5
 1.453156 120.5
 1.458496 120.5
 1.463804 120
 1.469112 120
 1.474396 120
 1.479728 120
 1.485032 120
 1.490316 120
 1.495636 120
 1.500944 121
 1.506268 120
 1.511548 120.5
 1.51688 120.5
 1.522204 121
 1.527516 120
 1.532796 120
 1.538112 120
 1.543408 120.5
 1.548732 120.5
 1.554036 120
 1.559356 120.5
 1.56468 120.5
 1.570004 120.5
 1.575328 120
 1.580632 121
 1.585944 120.5
 1.591284 120
 1.596584 120.5
 1.601892 120.5
 1.607224 120.5
 1.612536 120
 1.617832 120
 1.623124 120
 1.628424 120.5
 1.633736 120
 1.63904 120.5
 1.644364 120.5
 1.649704 120.5
 1.655024 120.5
 1.660336 120
 1.66564 119.5
 1.670944 120
 1.676252 120
 1.681536 120.5
 1.686872 120.5
 1.6922 120
 1.6975 120
 1.7028 120
 1.708132 120
 1.713416 120.5
 1.718728 120
 1.724044 120
 1.729348 120
 1.734656 120
 1.73994 120
 1.74524 120
 1.750564 120
 1.755884 119.5
 1.7612 120.5
 1.766512 120.5
 1.771848 120.5
 1.77718 120
 1.782484 121
 1.787796 119.5
 1.79314 120
 1.798448 120
 1.803748 120
 1.809064 120
 1.814348 120
 1.819644 120
 1.824952 120.5
 1.830276 120
 1.8356 120
 1.840908 120.5
 1.846236 120.5
 1.851564 120.5
 1.856892 120
 1.8622 120.5
 1.867512 120
 1.872808 120
 1.878116 120
 1.8834 120
 1.888688 120
 1.893992 120.5
 1.8993 120.5
 1.904628 120.5
 1.909956 120.5
 1.915264 120
 1.92058 120
 1.925884 120
 1.931192 120
 1.936484 120
 1.941784 120.5
 1.947092 120
 1.952392 120
 1.957712 120.5
 1.963052 120
 1.968352 120
 1.97364 120.5
 1.978956 120
 1.984272 120
 1.989584 120
 1.994888 120.5
 2.000216 120.5
 2.00554 1775
 2.01094 1505.5
 2.01638 1416.99995
 2.021832 1220.5
 2.027264 1114
 2.032712 1050
 2.038108 941.5
 2.043528 897.5
 2.048932 854
 2.054352 821.5
 2.059784 750.5
 2.065216 721.99995
 2.070684 683.4999500000001
 2.076152 683
 2.081584 663.4999500000001
 2.087044 651.5
 2.092464 635.5
 2.097896 625.5
 2.103348 598
 2.108768 609.00005
 2.1142 593.5
 2.119624 582.5
 2.125048 586
 2.130476 554.00005
 2.135936 552
 2.14138 551
 2.146812 569.00005
 2.152264 558.5
 2.157688 562.5
 2.16312 536
 2.168548 540
 2.173996 513
 2.179412 560.5
 2.184844 545
 2.190276 522.5
 2.195696 528
 2.201132 516
 2.206556 550.5
 2.211988 527
 2.217416 517.5
 2.222852 525
 2.2283 533.5
 2.233732 532
 2.239164 525.5
 2.244608 517
 2.250048 470
 2.255324 540
 2.260736 529.00005
 2.266196 515
 2.271624 509.5
 2.277056 523.5
 2.2825 537
 2.28794 525
 2.293352 526
 2.298804 504.00005
 2.304264 523.5
 2.309688 528
 2.31512 478.5
 2.320448 331
 2.325756 302
 2.33106 34
 2.341576 18
 2.3468 80.5
 2.352132 132
 2.357444 112
 2.362756 311.5
 2.368076 164.5
 2.373392 139
 2.378736 127
 2.384056 119
 2.389368 119.5
 2.394688 120
 2.399996 120
 2.405308 120.5
 2.41062 121.5
 2.415952 121.5
 2.421288 121.5
 2.426616 121.5
 2.431952 122
 2.43728 122
 2.442608 122
 2.447932 122
 2.453244 122
 2.458568 122
 2.463876 122.5
 2.469208 121.5
 2.474532 122
 2.47984 122
 2.48516 226
 2.49048 133
 2.495816 134.5
 2.501148 134
 2.506476 123
 2.511792 123
 2.5171 123.5
 2.522436 123.5
 2.52776 123.5
 2.533088 123
 2.538428 123.5
 2.54374 122
 2.549076 122.5
 2.554392 122.5
 2.559716 122.5
 2.565032 122
 2.570352 122
 2.575684 122
 2.580992 122
 2.586304 122
 2.59162 122
 2.596964 122
 2.602276 122
 2.607584 121.5
 2.612896 122.5
 2.6182 122.5
 2.623544 122
 2.628872 122
 2.6342 122
 2.63952 123
 2.64484 122
 2.650184 122
 2.655504 122
 2.660828 122.5
 2.666136 122
 2.67144 122.5
 2.676784 122
 2.682092 122
 2.687408 122.5
 2.692732 122
 2.698044 122
 2.703364 122.5
 2.708688 122
 2.714016 123
 2.719328 122
 2.724644 122
 2.729968 122
 2.735272 123
 2.740576 122.5
 2.745892 122
 2.7512 122
 2.75652 122
