# Created by Octave 4.2.2, Mon May 25 15:01:55 2020 CEST <thibaultblf@thibaultblf-HP-EliteBook-840-G4>
# name: data
# type: matrix
# rows: 1239
# columns: 2
 0 125
 0.005180000000000018 1668.50005
 0.01050400000000001 815
 0.01578400000000002 719
 0.021088 488
 0.02626000000000001 324.00005
 0.03146399999999999 119.5
 0.03664000000000001 110.5
 0.041856 114.5
 0.04705200000000004 126
 0.052228 118
 0.05743200000000004 116.5
 0.062612 122
 0.06780400000000003 122
 0.072992 120.5
 0.07817600000000002 121
 0.08335200000000004 122
 0.08854000000000001 122
 0.09373200000000004 121
 0.09892400000000001 121
 0.104128 120.5
 0.10932 876.99995
 0.114652 615.5
 0.119956 315
 0.125128 354.5
 0.1303 225
 0.1354920000000001 172.5
 0.140684 117
 0.145876 122
 0.151068 120
 0.1562520000000001 118.5
 0.161444 153
 0.166648 119.5
 0.17186 119.5
 0.17704 120
 0.1822360000000001 121.5
 0.187412 644
 0.192724 811.5
 0.19804 354.00005
 0.203248 139
 0.2084400000000001 223
 0.21362 118
 0.218796 140
 0.223996 125.5
 0.2291960000000001 118
 0.23438 144
 0.239556 121.5
 0.244748 120
 0.2499400000000001 120
 0.255124 122.5
 0.260296 124
 0.2654880000000001 125.5
 0.270688 121.5
 0.275868 124.5
 0.281056 124.5
 0.2862480000000001 705
 0.291524 863
 0.296844 348
 0.3020160000000001 179.5
 0.307204 171
 0.312384 150
 0.3175680000000001 144.5
 0.32276 114
 0.327952 121.5
 0.333136 126.5
 0.3383280000000001 122
 0.34352 121.5
 0.348716 126
 0.353896 135
 0.359064 131.5
 0.364268 133.5
 0.369484 1016.99995
 0.3748440000000001 159
 0.380036 377.5
 0.385224 206.5
 0.390416 168
 0.3956000000000001 130
 0.400772 114.5
 0.405972 138
 0.411168 118
 0.4163480000000001 127.5
 0.42154 119.5
 0.426744 124
 0.43196 119.5
 0.437152 119.5
 0.4423440000000001 120.5
 0.447528 123.5
 0.45272 122.5
 0.457912 120
 0.4630960000000001 121.5
 0.468276 593.5
 0.473596 751.5
 0.478924 215.5
 0.48412 268
 0.48934 164
 0.4945160000000001 176.5
 0.499708 154
 0.504912 117
 0.510088 133.5
 0.5152720000000001 129.5
 0.520452 133
 0.525648 119.5
 0.53084 129
 0.5360240000000001 126
 0.5412 121
 0.546392 1906.00005
 0.551736 597
 0.557052 178.5
 0.562256 374.5
 0.567428 139
 0.572616 152.5
 0.577796 116.5
 0.5829920000000001 114
 0.588184 120.5
 0.593376 127
 0.598556 122
 0.603732 122
 0.608924 120
 0.614104 127
 0.6192880000000001 121
 0.624492 119.5
 0.629668 124.5
 0.634844 123.5
 0.6400359999999999 123
 0.645344 123.5
 0.6506520000000001 1400.5
 0.6560880000000001 303
 0.6614160000000001 296
 0.666724 121.5
 0.672052 121.5
 0.677364 153
 0.6826800000000001 140.5
 0.6880160000000001 113
 0.693348 119.5
 0.698676 121.5
 0.7039879999999999 119.5
 0.7092919999999999 124
 0.7146199999999999 119.5
 0.719952 133.5
 0.7252600000000001 163
 0.7305800000000001 162.5
 0.735904 162.5
 0.7412599999999999 162.5
 0.7465959999999999 162
 0.7519239999999999 162.5
 0.7572359999999999 162.5
 0.7625560000000001 181
 0.767888 166
 0.773216 162.5
 0.7785480000000001 163
 0.783872 160
 0.7891800000000001 162.5
 0.7944920000000001 163
 0.799824 163
 0.805136 162
 0.8104440000000001 163
 0.8157679999999999 161.5
 0.821112 162
 0.826448 162
 0.8317599999999999 161.5
 0.8370719999999999 161.5
 0.8423919999999999 163
 0.84774 161.5
 0.8530760000000001 162.5
 0.8583999999999999 161
 0.863708 161.5
 0.869036 162
 0.8743839999999999 163
 0.8797160000000001 162.5
 0.8850440000000001 161.5
 0.890356 162
 0.8956640000000001 162.5
 0.9009840000000001 162.5
 0.9063200000000001 163.5
 0.9116320000000001 162
 0.91694 161.5
 0.9222640000000001 162.5
 0.9276080000000001 162
 0.9329440000000001 153.5
 0.938252 155
 0.943572 153.5
 0.9488960000000001 154
 0.9542480000000001 153.5
 0.95958 154.5
 0.9648880000000001 153.5
 0.9701920000000001 155
 0.9754919999999999 154.5
 0.980832 153.5
 0.986152 154
 0.9914759999999999 154.5
 0.996784 153.5
 1.002096 155.5
 1.007452 155.5
 1.012776 154
 1.018084 153.5
 1.023396 155
 1.028712 155
 1.03402 155
 1.039308 154.5
 1.044616 154
 1.049928 155
 1.05524 154.5
 1.06056 154
 1.06588 155.5
 1.071216 155.5
 1.076544 154
 1.081852 154
 1.087172 155
 1.092472 153.5
 1.097804 155
 1.103088 155
 1.108392 153.5
 1.1137 155
 1.118996 155
 1.124296 154.5
 1.129608 155.5
 1.134932 153.5
 1.14024 154.5
 1.145556 153.5
 1.150864 155
 1.156156 153.5
 1.16146 155
 1.16678 155
 1.172068 153.5
 1.177408 155
 1.182708 153.5
 1.188036 154.5
 1.193344 153.5
 1.198668 153.5
 1.203988 155
 1.209288 154.5
 1.2146 155
 1.219924 153
 1.225232 124
 1.230552 125
 1.235856 123.5
 1.241188 124.5
 1.246516 123.5
 1.251828 123.5
 1.257136 125
 1.262444 123.5
 1.267752 124
 1.27306 123
 1.278372 123.5
 1.28368 124.5
 1.289016 125
 1.2943 124.5
 1.299612 125
 1.304928 124.5
 1.310232 123.5
 1.315548 123.5
 1.320852 123.5
 1.326184 124
 1.331508 124.5
 1.336812 124.5
 1.342144 124.5
 1.347452 124.5
 1.352764 124.5
 1.358068 125
 1.363368 123.5
 1.368676 124.5
 1.374032 123
 1.379356 123.5
 1.384664 123.5
 1.389976 123.5
 1.395284 124
 1.400616 125
 1.405916 124.5
 1.411228 123.5
 1.41654 125
 1.421848 123.5
 1.42718 123.5
 1.432484 125
 1.437796 123.5
 1.443124 125
 1.448436 123.5
 1.453756 124
 1.459088 123.5
 1.464424 124
 1.469748 123.5
 1.475076 124.5
 1.480396 125
 1.485692 123.5
 1.491024 125
 1.496308 125
 1.501628 124.5
 1.506936 124
 1.512284 124
 1.517596 124
 1.522904 125
 1.528224 123.5
 1.533548 125
 1.538856 125
 1.544144 124
 1.549456 125
 1.554784 125
 1.560088 125
 1.5654 123.5
 1.570724 123.5
 1.576048 125
 1.581372 124
 1.586676 125
 1.591976 123.5
 1.597308 123.5
 1.602632 123.5
 1.60794 124
 1.613268 125
 1.618552 124.5
 1.623908 125
 1.629192 125
 1.634488 125
 1.639792 123.5
 1.6451 123.5
 1.65042 124.5
 1.655744 123.5
 1.661048 125
 1.666364 125
 1.671684 125.5
 1.677016 125
 1.682316 123.5
 1.687652 125
 1.692952 125
 1.698264 125
 1.703548 124.5
 1.708888 125
 1.714172 125
 1.719468 125
 1.724772 154.5
 1.730088 154.5
 1.735412 154.5
 1.740724 155
 1.746032 154
 1.751348 155
 1.756668 153.5
 1.761984 153.5
 1.767308 155
 1.7726 155
 1.7779 153.5
 1.783208 155.5
 1.788536 153.5
 1.793892 155
 1.799176 155
 1.804472 155
 1.809776 155.5
 1.815088 153.5
 1.820428 155
 1.825728 155.5
 1.83104 154
 1.836368 154
 1.841676 154
 1.846992 155.5
 1.852316 154
 1.857648 155
 1.862972 155
 1.868288 155
 1.873572 155
 1.878904 155
 1.884188 155
 1.88948 154.5
 1.894804 154.5
 1.900108 155
 1.905412 155
 1.910696 155
 1.916004 155
 1.9213 155
 1.926604 155
 1.931892 153.5
 1.937248 155.5
 1.942576 155
 1.94786 155.5
 1.953176 155.5
 1.958488 154.5
 1.96382 155
 1.969104 154
 1.974416 155.5
 1.979744 155
 1.98506 155.5
 1.990388 155.5
 1.9957 155
 2.001008 155
 2.006332 155.5
 2.011636 155
 2.016936 154.5
 2.022284 155
 2.02758 154
 2.032884 155
 2.038204 154
 2.043512 154
 2.048868 155.5
 2.054204 155.5
 2.059516 154
 2.064852 155
 2.07014 155.5
 2.07548 155
 2.08078 155
 2.086068 155
 2.091384 153.5
 2.096712 154
 2.10204 154
 2.107352 155
 2.112652 155.5
 2.117984 154
 2.123292 155
 2.128588 154
 2.133912 155.5
 2.139244 155
 2.144564 154
 2.149876 154
 2.155184 155
 2.160516 155
 2.165804 155
 2.171088 154
 2.176396 155
 2.181716 155
 2.187032 154
 2.192348 153.5
 2.197656 155
 2.202976 155
 2.20828 154
 2.213612 154
 2.218936 155.5
 2.22426 125
 2.229584 123.5
 2.234892 125.5
 2.240212 124
 2.245536 124
 2.250864 125.5
 2.256184 123.5
 2.261496 124
 2.266828 124
 2.272152 123.5
 2.27748 125
 2.28278 124
 2.288088 124.5
 2.293392 125
 2.298712 123.5
 2.30402 125
 2.30932 123.5
 2.31464 125
 2.319944 124.5
 2.325272 124
 2.330592 124.5
 2.3359 123
 2.34122 124
 2.346536 124
 2.35186 123
 2.357176 123.5
 2.362496 123.5
 2.367828 124.5
 2.373136 123.5
 2.378472 125
 2.383756 124.5
 2.389096 123.5
 2.394412 124.5
 2.39972 124.5
 2.405052 124.5
 2.410384 123.5
 2.415716 123.5
 2.421044 125
 2.426356 124.5
 2.431676 124.5
 2.436996 123.5
 2.442328 125
 2.447612 125
 2.452928 124
 2.458236 124.5
 2.463576 125
 2.468876 124
 2.474184 125
 2.479504 124
 2.484824 123.5
 2.490156 125
 2.495452 124
 2.500764 123.5
 2.506084 125
