# Created by Octave 4.2.2, Mon May 25 15:01:55 2020 CEST <thibaultblf@thibaultblf-HP-EliteBook-840-G4>
# name: servo
# type: matrix
# rows: 487
# columns: 2
 0 125
 0.005180000000000018 1668.50005
 0.01050400000000001 815
 0.01578400000000002 719
 0.021088 488
 0.02626000000000001 324.00005
 0.03146399999999999 119.5
 0.03664000000000001 110.5
 0.041856 114.5
 0.04705200000000004 126
 0.052228 118
 0.05743200000000004 116.5
 0.062612 122
 0.06780400000000003 122
 0.072992 120.5
 0.07817600000000002 121
 0.08335200000000004 122
 0.08854000000000001 122
 0.09373200000000004 121
 0.09892400000000001 121
 0.104128 120.5
 0.10932 876.99995
 0.114652 615.5
 0.119956 315
 0.125128 354.5
 0.1303 225
 0.1354920000000001 172.5
 0.140684 117
 0.145876 122
 0.151068 120
 0.1562520000000001 118.5
 0.161444 153
 0.166648 119.5
 0.17186 119.5
 0.17704 120
 0.1822360000000001 121.5
 0.187412 644
 0.192724 811.5
 0.19804 354.00005
 0.203248 139
 0.2084400000000001 223
 0.21362 118
 0.218796 140
 0.223996 125.5
 0.2291960000000001 118
 0.23438 144
 0.239556 121.5
 0.244748 120
 0.2499400000000001 120
 0.255124 122.5
 0.260296 124
 0.2654880000000001 125.5
 0.270688 121.5
 0.275868 124.5
 0.281056 124.5
 0.2862480000000001 705
 0.291524 863
 0.296844 348
 0.3020160000000001 179.5
 0.307204 171
 0.312384 150
 0.3175680000000001 144.5
 0.32276 114
 0.327952 121.5
 0.333136 126.5
 0.3383280000000001 122
 0.34352 121.5
 0.348716 126
 0.353896 135
 0.359064 131.5
 0.364268 133.5
 0.369484 1016.99995
 0.3748440000000001 159
 0.380036 377.5
 0.385224 206.5
 0.390416 168
 0.3956000000000001 130
 0.400772 114.5
 0.405972 138
 0.411168 118
 0.4163480000000001 127.5
 0.42154 119.5
 0.426744 124
 0.43196 119.5
 0.437152 119.5
 0.4423440000000001 120.5
 0.447528 123.5
 0.45272 122.5
 0.457912 120
 0.4630960000000001 121.5
 0.468276 593.5
 0.473596 751.5
 0.478924 215.5
 0.48412 268
 0.48934 164
 0.4945160000000001 176.5
 0.499708 154
 0.504912 117
 0.510088 133.5
 0.5152720000000001 129.5
 0.520452 133
 0.525648 119.5
 0.53084 129
 0.5360240000000001 126
 0.5412 121
 0.546392 1906.00005
 0.551736 597
 0.557052 178.5
 0.562256 374.5
 0.567428 139
 0.572616 152.5
 0.577796 116.5
 0.5829920000000001 114
 0.588184 120.5
 0.593376 127
 0.598556 122
 0.603732 122
 0.608924 120
 0.614104 127
 0.6192880000000001 121
 0.624492 119.5
 0.629668 124.5
 0.634844 123.5
 0.6400359999999999 123
 0.645344 123.5
 0.6506520000000001 1400.5
 0.6560880000000001 303
 0.6614160000000001 296
 0.666724 121.5
 0.672052 121.5
 0.677364 153
 0.6826800000000001 140.5
 0.6880160000000001 113
 0.693348 119.5
 0.698676 121.5
 0.7039879999999999 119.5
 0.7092919999999999 124
 0.7146199999999999 119.5
 0.719952 133.5
 4.724448 126.5
 4.729772 1035
 4.735156 680.9999500000001
 4.740608 116
 4.745944 412
 4.751268 144.5
 4.756596 129
 4.761927999999999 140.5
 4.767236 117
 4.772556 140
 4.77788 120
 4.783188 124.5
 4.788495999999999 122.5
 4.793804 124
 4.799119999999999 126.5
 4.804475999999999 123
 4.809796 152
 4.815107999999999 127
 4.820436 127
 4.825748 127.5
 4.831096 1129.49995
 4.836551999999999 507.5
 4.841976 454.00005
 4.847328 135
 4.852612 162.5
 4.857944 128
 4.863268 129.5
 4.868576 123.5
 4.873888 118.5
 4.879224 128
 4.88456 123.5
 4.889872 122
 4.895192 122
 4.9005 123
 4.905848 128
 4.911163999999999 726.99995
 4.916636 266
 4.921948 323.5
 4.927268 169.5
 4.93258 142
 4.9379 119
 4.943207999999999 136
 4.948524 120
 4.953816 127.5
 4.95914 123.5
 4.964468 128
 4.969784 131
 4.975108 122
 4.980432 126.5
 4.985752 125
 4.99106 125.5
 4.996388 126
 5.001708 126
 5.007035999999999 1398
 5.012467999999999 405
 5.017748 725.9999500000001
 5.023219999999999 211.5
 5.028536 186.5
 5.033863999999999 147.5
 5.0392 122
 5.044519999999999 135
 5.049824 127.5
 5.055136 120.5
 5.060472 122.5
 5.065808 122
 5.07112 122
 5.07644 125
 5.081723999999999 122
 5.087052 490
 5.092352 1328.9999
 5.097816 581
 5.103256 382.5
 5.1086 169
 5.113931999999999 132.5
 5.119244 120
 5.124568 118
 5.12988 123.5
 5.135224 120
 5.140528 124
 5.145836 122.5
 5.151144 125.5
 5.156455999999999 122
 5.161811999999999 125.5
 5.16714 125.5
 5.172467999999999 125
 5.177776 124.5
 5.183088 125
 5.1884 302
 5.193728 766.99995
 5.199196 118
 5.204508 159.5
 5.209823999999999 112
 5.215148 177
 5.220476 131
 5.225808 118.5
 5.231135999999999 121.5
 5.23646 124
 5.241779999999999 123.5
 5.247088 123
 5.252412 135.5
 5.257732 127.5
 5.263052 132
 5.268368 1876.99995
 5.273835999999999 274
 5.27914 410
 5.284459999999999 157
 5.289808 336.50005
 5.295135999999999 183.5
 5.300447999999999 122
 5.305756 119
 5.311076 114.5
 5.316415999999999 119.5
 5.321724 118.5
 5.327032 121
 5.332344 120
 5.33766 127.5
 5.342988 120.5
 5.348316 124.5
 5.353636 124.5
 5.358948 123.5
 5.364272 123.5
 5.369604 1728.50005
 5.375083999999999 135.5
 5.380415999999999 414.5
 5.38572 166
 5.391039999999999 125.5
 5.39636 110.5
 5.401692 134
 5.407 119.5
 5.412307999999999 135.5
 5.417628 117.5
 5.422975999999999 123.5
 5.428307999999999 120
 5.433592 128.5
 5.438904 120
 5.444204 120.5
 5.449548 1683.9999
 5.455016 636
 5.460448 495
 5.465751999999999 170.5
 5.471095999999999 264
 5.476424 129.5
 5.481736 144.5
 5.48706 117
 5.492388 120.5
 5.497736 117
 5.503068 124.5
 5.508375999999999 121
 5.513704 119.5
 5.519019999999999 120
 5.524348 123.5
 5.52968 124.5
 5.534992 123.5
 5.540312 123.5
 5.54564 123
 5.550972 699.49995
 5.556424 885.5
 5.561844 336
 5.567164 110.5
 5.572492 189.5
 5.577832 150.5
 5.583152 114.5
 5.58846 161.5
 5.593795999999999 117.5
 5.599112 119.5
 5.604448 126
 5.609772 120.5
 5.6151 121
 5.620436 122
 5.625748 121.5
 5.631084 1804.49995
 5.636564 864.49995
 5.642048 693
 5.647484 202
 5.652807999999999 157
 5.658112 140
 5.663424 138
 5.668736 120.5
 5.674072 134
 5.679399999999999 118
 5.684728 121
 5.690052 120.5
 5.695367999999999 119.5
 5.700704 119
 5.706036 125
 5.711348 124.5
 5.716688 124
 5.722008 123.5
 5.72734 1900.5
 5.73278 1507.5
 5.738195999999999 278.5
 5.743524 178.5
 5.748851999999999 164
 5.754184 137
 5.759496 140
 5.764792 136.5
 5.770124 121
 5.77546 123
 5.780772 120
 5.786092 119.5
 5.791404 120
 5.79674 119.5
 5.802067999999999 140.5
 5.807396 1506.4999
 5.81286 1391.99995
 5.818327999999999 955
 5.823728 715
 5.829123999999999 526.50005
 5.834588 117
 5.8399 165
 5.845192 147.5
 5.850516 119
 5.855828 138.5
 5.861148 122.5
 5.866464 119
 5.871776 121.5
 5.877091999999999 119.5
 5.882408 125.5
 5.887732 120
 5.89302 120
 5.898332 122
 5.903668 122
 5.908995999999999 1610.5
 5.914467999999999 901.99995
 5.919944 124.5
 5.925252 185
 5.930555999999999 228.5
 5.935896 172
 5.941211999999999 119.5
 5.94652 127.5
 5.95184 120
 5.957148 117.5
 5.962464 125
 5.967768 146.5
 5.973103999999999 139.5
 5.978424 119.5
 5.983735999999999 119
 5.989056 1910
 5.99446 623.5
 5.999887999999999 525.5
 6.005324 663
 6.010771999999999 224
 6.016112 146
 6.021427999999999 121.5
 6.026759999999999 113
 6.0321 119.5
 6.037424 129.5
 6.042748 124.5
 6.04806 122
 6.053368 135.5
 6.058692 125.5
 6.064007999999999 120
 6.069307999999999 125.5
 6.074619999999999 125
 6.07994 124.5
 6.08526 125
 6.090567999999999 177
 6.095876 143.5
 6.101191999999999 1733
 6.106611999999999 242.5
 6.111936 681.99995
 6.117395999999999 107
 6.122704 125
 6.128019999999999 133
 6.133328 151.5
 6.138656 140.5
 6.143968 123
 6.149276 120.5
 6.154596 126.5
 6.159911999999999 125.5
 6.165255999999999 126
 6.170572 1851.00005
 6.176051999999999 728
 6.181483999999999 213.5
 6.186832 178.5
 6.192159999999999 432.5
 6.197476 1100.5
 6.202896 148.5
 6.208215999999999 116.5
 6.21354 118
 6.218868 118.5
 6.22418 120
 6.2295 120
 6.2348 119.5
 6.240139999999999 120
 6.245436 120.5
 6.250744 121.5
 6.256068 126
 6.261387999999999 124.5
 6.266736 124.5
 6.272043999999999 1231.5
 6.277468 1048.49995
 6.282928 551
 6.288352 525
 6.293768 446.50005
 6.299099999999999 160
 6.304384 139
 6.309724 131.5
 6.315048 131
 6.320355999999999 132
 6.325667999999999 150.5
