# Created by Octave 4.2.2, Wed Apr 22 10:29:21 2020 CEST <thibaultblf@thibaultblf-HP-EliteBook-840-G4>
# name: data
# type: matrix
# rows: 982
# columns: 2
 0.008943999999999952 12.2
 0.02205999999999997 12.2
 0.03517599999999999 12.3
 0.048292 12.1
 0.06141200000000002 12.1
 0.07453199999999993 12.1
 0.08764399999999994 12.1
 0.100764 12.4
 0.113884 12.2
 0.126996 12.2
 0.140112 12.1
 0.153232 12.1
 0.1663439999999999 12.4
 0.1794559999999999 12.2
 0.192572 12.2
 0.205688 12.2
 0.218804 12.3
 0.231916 12.2
 0.245036 12.2
 0.2581479999999999 12.2
 0.271268 12.1
 0.284388 12.1
 0.297504 12.1
 0.310616 12.2
 0.32374 12.2
 0.3368599999999999 12.1
 0.3499719999999999 12.1
 0.363088 12.4
 0.3762 12.1
 0.38932 12.2
 0.402436 12.1
 0.415548 12.2
 0.4286679999999999 12.3
 0.44178 12.1
 0.4549 12.1
 0.468012 12.1
 0.4811279999999999 12.4
 0.4942840000000001 12.2
 0.507448 12.2
 0.5206000000000001 12.1
 0.533764 12.1
 0.54692 12.4
 0.56008 12.2
 0.573244 12.1
 0.5864079999999999 12.1
 0.5995799999999999 12
 0.6127360000000001 12.3
 0.6259 12.2
 0.639056 12.2
 0.652224 12.2
 0.6653840000000001 12.1
 0.6785439999999999 12.2
 0.691704 12.1
 0.7048679999999999 12.1
 0.7180399999999999 12.1
 0.7312 12.1
 0.7443639999999999 12.2
 0.7575280000000001 12.1
 0.770684 12.1
 0.783848 12.1
 0.7970119999999999 12.2
 0.810172 12.2
 0.8233279999999999 12.2
 0.8364919999999999 12.1
 0.84966 12.1
 0.8628239999999999 12.2
 0.8759879999999999 12.1
 0.8891520000000001 12.1
 0.9023039999999999 12.1
 0.915472 12
 0.9286199999999999 12.3
 0.9417840000000001 12.1
 0.954948 12.2
 0.968112 12.1
 0.981272 12
 0.994436 12.3
 1.007596 12
 1.020744 12.1
 1.033908 12.2
 1.047072 12.2
 1.060236 12.2
 1.0734 12.1
 1.086556 12.1
 1.09972 12.1
 1.112884 12.6
 1.126048 12.2
 1.139212 12.2
 1.152372 12
 1.165536 11.9
 1.178696 12.3
 1.191868 12.3
 1.205028 12.3
 1.218192 12.2
 1.231356 12.3
 1.24452 12.1
 1.257684 12.1
 1.27084 12
 1.284 12.1
 1.29716 12.6
 1.310316 12.3
 1.32348 11.9
 1.33664 12
 1.349796 11.9
 1.362964 12.2
 1.376128 12.4
 1.389296 12.2
 1.40246 12.1
 1.415624 12.4
 1.428784 12
 1.441944 12
 1.455104 12.1
 1.468268 12.3
 1.481436 12.6
 1.494592 12.3
 1.507756 12.2
 1.52092 11.9
 1.534084 11.9
 1.547252 12
 1.5604 12
 1.573552 12.3
 1.58672 12.3
 1.599884 12.1
 1.613048 12.3
 1.626208 12
 1.639364 11.8
 1.652528 11.8
 1.665684 12.1
 1.678844 12.1
 1.692008 12.3
 1.70518 12.2
 1.71834 12.2
 1.731512 12
 1.744664 12.2
 1.757824 11.9
 1.770988 11.8
 1.784152 12
 1.797308 12.2
 1.810468 12.2
 1.823632 12.4
 1.836796 12.3
 1.84996 12.2
 1.863124 12.3
 1.876288 12.3
 1.889448 11.8
 1.902608 11.8
 1.915772 11.8
 1.92894 12.4
 1.942104 12
 1.955252 12.2
 1.968416 12.4
 1.981584 12.4
 1.994752 12.4
 2.007916 12.3
 2.02108 12.2
 2.034244 11.9
 2.047408 12.1
 2.060564 11.8
 2.073724 11.8
 2.086888 11.7
 2.100052 11.8
 2.113216 12.4
 2.126368 12.4
 2.139524 12.4
 2.152688 12.5
 2.16584 12.6
 2.179 12.5
 2.19216 12.3
 2.205324 12.2
 2.218476 12.2
 2.23164 12.4
 2.244812 11.9
 2.257968 11.7
 2.271128 11.7
 2.284288 11.8
 2.297448 11.8
 2.3106 11.8
 2.32376 11.9
 2.336924 12
 2.350088 11.9
 2.363244 11.9
 2.376408 12.1
 2.389572 12.3
 2.402736 12.5
 2.415888 12.5
 2.429052 12.5
 2.442216 12.6
 2.45538 12.4
 2.468544 12.4
 2.481704 12.6
 2.494864 12.4
 2.508028 12.4
 2.52118 12.2
 2.534344 12.3
 2.547508 12.5
 2.560672 12.4
 2.573844 12.3
 2.587008 12.4
 2.600176 12.3
 2.61334 12.4
 2.626508 12.4
 2.639672 12.3
 2.652828 12.3
 2.666004 12.2
 2.67916 12.4
 2.692332 12.4
 2.705492 12.3
 2.71866 12.3
 2.731824 12.3
 2.744988 12.4
 2.758156 12.4
 2.77132 12.3
 2.784484 12.3
 2.797644 12.6
 2.810812 12.6
 2.823968 12.4
 2.83712 12.5
 2.85028 12.4
 2.86344 12.7
 2.8766 12.4
 2.889752 12.4
 2.902916 12.4
 2.916084 12.6
 2.929248 12.5
 2.9424 12.4
 2.955564 11.8
 2.968736 11.8
 2.981896 12.1
 2.99506 11.8
 3.008228 11.7
 3.021392 11.6
 3.034556 11.7
 3.047716 11.9
 3.060876 11.7
 3.07404 11.7
 3.087204 12.2
 3.100364 12.5
 3.11352 12.4
 3.126684 12.4
 3.139836 12.2
 3.153 12.4
 3.166172 12.8
 3.179332 12.5
 3.192488 12.3
 3.205664 12.2
 3.218828 11.8
 3.231984 11.8
 3.245148 11.7
 3.258316 11.6
 3.27148 11.7
 3.284636 12.5
 3.297816 12.3
 3.31098 12.3
 3.324144 12.2
 3.337296 12.3
 3.35046 12.6
 3.363624 12.5
 3.376788 12.3
 3.389948 12.2
 3.403108 12
 3.416276 11.8
 3.429432 11.7
 3.442592 11.7
 3.455752 11.8
 3.468916 11.8
 3.48208 12.3
 3.495248 12.2
 3.508412 12.3
 3.521568 12.3
 3.534732 12.4
 3.5479 12.2
 3.561064 12.1
 3.574228 11.9
 3.587391999999999 11.8
 3.600544 11.7
 3.613712 11.9
 3.626876 11.9
 3.640044 12
 3.653192 12.2
 3.666356 12.4
 3.67952 12.4
 3.69268 12.5
 3.705852 12.4
 3.719016 12.3
 3.732172 12.5
 3.745336 11.9
 3.758496 11.8
 3.771656 11.8
 3.784816 11.8
 3.79798 12
 3.811128 11.9
 3.824292 12.2
 3.837467999999999 12.2
 3.850627999999999 12.6
 3.863792 12.5
 3.876956 12.4
 3.890124 12
 3.903276 12
 3.916428 12.3
 3.929588 11.9
 3.942752 11.9
 3.95592 12
 3.96908 12.2
 3.98224 12.3
 3.9954 12.2
 4.008567999999999 12.2
 4.021728 12.4
 4.034896 12.6
 4.04806 12.3
 4.061216 12.2
 4.074384 12.1
 4.087548 11.8
 4.100712 12
 4.11386 11.8
 4.127024 11.9
 4.140192 11.9
 4.15336 12.4
 4.16652 12.3
 4.179688 12.3
 4.192848 12.2
 4.206008 12.3
 4.219171999999999 12.6
 4.232336 12.3
 4.245504 12.2
 4.258668 12.1
 4.271832 12
 4.284992 12
 4.298144 11.9
 4.311307999999999 12
 4.324464 11.9
 4.337624 12
 4.350772 12.3
 4.363936 12.2
 4.377111999999999 12.2
 4.390268 12.2
 4.40344 12.2
 4.416596 12.4
 4.429764 12.3
 4.442928 12.2
 4.456088 12.2
 4.46926 12.1
 4.48242 12
 4.495579999999999 12
 4.508736 11.9
 4.521892 12
 4.535048 11.9
 4.548208 12.1
 4.561368 12.2
 4.574532 12.1
 4.587704 12.1
 4.600868 12.3
 4.614032 12.3
 4.6272 12.2
 4.640364 12.2
 4.653528 12.2
 4.666692 12.6
 4.679844 12.2
 4.693012 12.1
 4.706176 12.2
 4.719344 12.2
 4.732508 12.3
 4.745672 12.3
 4.758836 11.9
 4.772004 11.9
 4.785168 12.2
 4.798332 12.1
 4.8115 12
 4.824651999999999 12
 4.837804 12
 4.85096 12.3
 4.864123999999999 12.1
 4.877292 12
 4.89044 12.1
 4.903604 12.2
 4.916768 12.1
 4.929932 12.1
 4.943087999999999 12
 4.956248 12.1
 4.969416 12.4
 4.98258 12.2
 4.995744 12.1
 5.008916 12.1
 5.02208 12.1
 5.035248 12.4
 5.0484 12.2
 5.061564 12.3
 5.074727999999999 12.1
 5.087892 12.4
 5.101052 12.3
 5.114212 12.2
 5.127384 12.1
 5.140544 12.1
 5.153708 12.5
 5.166872 12.2
 5.180036 12.2
 5.193195999999999 12.1
 5.206356 12.2
 5.219528 12.2
 5.232688 12.2
 5.245852 12.2
 5.259016 12.2
 5.27218 12.1
 5.28534 12.2
 5.2985 12.2
 5.311672 12.2
 5.324832 12.1
 5.337996 12.1
 5.351164 12.1
 5.364328 12.2
 5.377496 12.1
 5.39066 12.1
 5.403828 12
 5.416984 12.1
 5.430148 12.1
 5.443316 12.1
 5.45648 12
 5.469632 12.2
 5.482796 12.2
 5.495964 12.1
 5.509128 12.1
 5.522292 12.1
 5.53546 12.4
 5.548624 12.2
 5.561788 12.1
 5.574952 12.1
 5.58812 12.2
 5.601292 12.5
 5.614456 12.1
 5.627624 12.1
 5.640788 12.1
 5.653952 12.2
 5.667116 12.3
 5.680283999999999 12.1
 5.693452 12.1
 5.70662 12
 5.71978 12.4
 5.73294 12.2
 5.7461 12.1
 5.759264 12.1
 5.772432 12.2
 5.7856 12.4
 5.798764 12.2
 5.811928 12.1
 5.825092 12.1
 5.83826 12.3
 5.851424 12.2
 5.864592 12.2
 5.877759999999999 12.1
 5.890924 12.1
 5.904088 12.4
 5.917252 12.2
 5.930416 12.2
 5.94358 12.1
 5.956748 12.2
 5.96992 12.4
 5.983084 12.2
 5.996252 12.1
 6.009416 12.1
 6.02258 12.3
 6.035748 12.2
 6.048916 12.1
 6.06208 12.1
 6.075244 12.1
 6.088408 12.5
 6.101567999999999 12.3
 6.114732 12.2
 6.127896 12.1
 6.14106 12.3
 6.154224 12.2
 6.167392 12.2
 6.180556 12.1
 6.193716 12.1
 6.206876 12.4
 6.22004 12.2
 6.233196 12.2
 6.246356 12.1
 6.25952 12.1
 6.272684 12.4
 6.285852 12.2
 6.299016 12.1
 6.31218 12.1
 6.325336 12.1
 6.3385 12.3
 6.351664 12.2
 6.364828 12.1
 6.377996 12.1
 6.39116 12.1
 6.404324 12.2
 6.41748 12.1
 6.430648 12.2
 6.443811999999999 12.2
 6.456976 12.2
 6.470156 12.2
 6.48332 12.1
 6.496484 12.1
 6.50964 12.1
 6.522812 12.1
 6.535972 12.1
 6.54914 12.2
 6.562316 12.2
 6.57548 12.1
 6.588644 12.4
 6.6018 12.2
 6.614972 12.1
