# Created by Octave 4.2.2, Wed Apr 22 10:31:29 2020 CEST <thibaultblf@thibaultblf-HP-EliteBook-840-G4>
# name: estimation
# type: matrix
# rows: 6
# columns: 2
 0 11.462
 9.999000000000001 11.462
 10 35.101
 11.999 35.101
 12 11.462
 13 11.462


