# Created by Octave 5.2.0, Mon May 25 15:14:08 2020 GMT <unknown@DESKTOP-5OFQEFG>
# name: data
# type: matrix
# rows: 278
# columns: 2
 0.0042040000000000003 90
 0.0091520000000000004 89.5
 0.014104 90
 0.019172000000000002 89.5
 0.024244000000000002 90
 0.029315999999999998 89.5
 0.034375999999999997 90
 0.039447999999999997 89.5
 0.044512000000000003 89.5
 0.049584000000000003 89.5
 0.054668000000000001 89.5
 0.059743999999999998 90
 0.064808000000000004 90
 0.069863999999999996 89.5
 0.074936000000000003 89.5
 0.08004 89.5
 0.085099999999999995 89.5
 0.090163999999999994 89.5
 0.095212000000000005 90
 0.100272 89.5
 0.10546 89.5
 0.11064400000000001 89.5
 0.115816 89.5
 0.12101199999999999 89.5
 0.126192 89.5
 0.13137199999999999 89.5
 0.136544 89.5
 0.14174 90
 0.14691199999999999 89.5
 0.15210399999999999 90
 0.15728800000000001 89.5
 0.16248399999999999 90
 0.16766800000000001 89.5
 0.172844 89.5
 0.17802000000000001 90
 0.18320400000000001 89.5
 0.18839600000000001 89.5
 0.19358 89.5
 0.198768 89.5
 0.203956 89.5
 0.209148 89.5
 0.214336 89.5
 0.219532 89.5
 0.22470399999999999 89.5
 0.22989200000000001 90
 0.23505999999999999 89.5
 0.24026 89.5
 0.245448 89.5
 0.25063999999999997 89.5
 0.255828 89.5
 0.26101999999999997 89.5
 0.26622000000000001 89.5
 0.27140399999999998 89.5
 0.276592 90
 0.28178399999999998 89.5
 0.286972 90
 0.29214000000000001 90
 0.29731200000000002 89.5
 0.30251600000000001 89.5
 0.30770799999999998 89.5
 0.31287999999999999 89.5
 0.31807200000000002 90
 0.32325199999999998 89.5
 0.32842399999999999 90
 0.333592 89.5
 0.33878399999999997 89.5
 0.343972 90
 0.34916000000000003 89.5
 0.35436000000000001 89.5
 0.35953600000000002 89.5
 0.36472399999999999 89.5
 0.36991600000000002 90
 0.37508399999999997 89.5
 0.380276 89.5
 0.38546000000000002 89.5
 0.390652 89.5
 0.39584000000000003 89.5
 0.401036 89.5
 0.40623199999999998 89.5
 0.41142800000000002 89.5
 0.41661599999999999 89.5
 0.42180800000000002 90
 0.42698399999999997 89.5
 0.432168 89.5
 0.43735600000000002 89.5
 0.442548 89.5
 0.44772800000000001 89.5
 0.45290799999999998 89.5
 0.45807999999999999 89.5
 0.46328000000000003 89
 0.46845599999999998 90
 0.473632 89.5
 0.47880400000000001 89.5
 0.48399999999999999 90
 0.48918400000000001 90
 0.49437199999999998 89.5
 0.49954799999999999 90
 0.50473199999999996 90
 0.50992800000000005 89.5
 0.51511600000000002 89.5
 0.520312 89.5
 0.52551199999999998 90
 0.53069599999999995 89.5
 0.53588800000000003 89.5
 0.54109200000000002 89.5
 0.54626799999999998 90
 0.55144800000000005 89.5
 0.55662800000000001 89.5
 0.56182799999999999 89.5
 0.56701999999999997 90
 0.57220800000000005 89.5
 0.57740400000000003 89.5
 0.58258799999999999 90
 0.58775999999999995 90
 0.59294800000000003 90
 0.598136 89.5
 0.60333599999999998 90
 0.60851200000000005 90
 0.61368400000000001 89
 0.61887599999999998 90
 0.62406399999999995 90
 0.62923200000000001 90
 0.63441999999999998 89.5
 0.63961999999999997 90
 0.64480800000000005 90
 0.649976 89.5
 0.65516799999999997 89.5
 0.66035999999999995 89.5
 0.66554800000000003 89
 0.67075200000000001 89.5
 0.67593999999999999 89.5
 0.68113999999999997 90
 0.68630800000000003 90
 0.69147599999999998 89.5
 0.69665200000000005 89.5
 0.70185200000000003 89.5
 0.70702799999999999 89.5
 0.71221599999999996 89.5
 0.71739600000000003 89.5
 0.72259600000000002 90
 0.72776399999999997 89.5
 0.73296399999999995 89.5
 0.73816000000000004 89.5
 0.74334 89.5
 0.74853199999999998 89.5
 0.75373599999999996 89.5
 0.75892400000000004 89.5
 0.76412400000000003 90
 0.76930399999999999 89.5
 0.77447600000000005 89.5
 0.77966000000000002 90
 0.78483199999999997 89.5
 0.79002399999999995 89.5
 0.79520800000000003 89.5
 0.800404 90
 0.80557199999999995 90
 0.81076000000000004 89.5
 0.81595200000000001 89.5
 0.82114399999999999 90
 0.82631200000000005 89.5
 0.83151200000000003 89.5
 0.836696 90
 0.84190399999999999 89.5
 0.84709999999999996 89.5
 0.85227600000000003 89.5
 0.85745199999999999 89.5
 0.86263999999999996 90
 0.86780800000000002 89.5
 0.873 90
 0.87816799999999995 90
 0.88334000000000001 89.5
 0.88853199999999999 89.5
 0.89373199999999997 89.5
 0.89892799999999995 89.5
 0.90410800000000002 90
 0.90927599999999997 89.5
 0.91447999999999996 89.5
 0.91965600000000003 89.5
 0.92487200000000003 89.5
 0.93005199999999999 89.5
 0.93522799999999995 89.5
 0.94040800000000002 90
 0.9456 89.5
 0.95077999999999996 89.5
 0.95595600000000003 89.5
 0.96115600000000001 89.5
 0.96634799999999998 90
 0.97153599999999996 89.5
 0.97672800000000004 90
 0.98189599999999999 89.5
 0.98708799999999997 89.5
 0.99229199999999995 89.5
 0.99748400000000004 90
 1.0026759999999999 89.5
 1.007984 89.5
 1.013296 89.5
 1.0186040000000001 89.5
 1.023916 89.5
 1.029264 89.5
 1.0345839999999999 89.5
 1.0398959999999999 89.5
 1.04522 90
 1.050532 89.5
 1.0558639999999999 89.5
 1.061172 90
 1.066468 90
 1.071796 89.5
 1.0771120000000001 89.5
 1.082436 90
 1.08772 89.5
 1.0930519999999999 89.5
 1.0983799999999999 89.5
 1.103688 89.5
 1.109008 89.5
 1.1143320000000001 89.5
 1.119664 89.5
 1.1249960000000001 89.5
 1.1303080000000001 90
 1.1355919999999999 89.5
 1.1409480000000001 89.5
 1.14628 89.5
 1.1515960000000001 89.5
 1.1569199999999999 89.5
 1.162228 90
 1.1675599999999999 90
 1.172844 89.5
 1.178148 90
 1.183468 90
 1.1887719999999999 89.5
 1.1941040000000001 90
 1.1994039999999999 89.5
 1.204712 90
 1.2100280000000001 89.5
 1.2153320000000001 90
 1.2206360000000001 89.5
 1.2259599999999999 89.5
 1.2312920000000001 89.5
 1.2366200000000001 89.5
 1.2419279999999999 89.5
 1.247252 89.5
 1.252572 89.5
 1.2579039999999999 89.5
 1.263236 89.5
 1.268548 89.5
 1.2738560000000001 90
 1.279188 89.5
 1.284524 90
 1.2898080000000001 89.5
 1.29514 89.5
 1.3004640000000001 90
 1.305768 90
 1.3110679999999999 89.5
 1.316376 89.5
 1.3216840000000001 90
 1.3269960000000001 90
 1.332292 89.5
 1.337596 89.5
 1.3429040000000001 89.5
 1.348228 89.5
 1.35354 90
 1.3588199999999999 90
 1.364136 89.5
 1.3694440000000001 90
 1.3747400000000001 89.5
 1.3800479999999999 89.5
 1.385356 90
 1.3906639999999999 89.5
 1.395972 89.5
 1.4012960000000001 89.5
 1.40662 90
 1.411924 90
 1.417232 89.5
 1.422552 90
 1.4278360000000001 89.5
 1.433144 89.5
 1.4384520000000001 89.5
 1.443756 90
 1.44906 90


