# Created by Octave 5.2.0, Thu May 14 16:58:42 2020 GMT <unknown@DESKTOP-5OFQEFG>
# name: data
# type: matrix
# rows: 1261
# columns: 2
 0 31.199999999999999
 0.0051919999999999996 164.19999000000001
 0.01056 130.19999000000001
 0.015932000000000002 130.89999
 0.021295999999999999 135
 0.026579999999999999 79.80001
 0.031775999999999999 33.600000000000001
 0.036968000000000001 29.100000000000001
 0.042167999999999997 35.100000000000001
 0.047351999999999998 32.899999999999999
 0.052547999999999997 30.399999999999999
 0.057736000000000003 32.799999999999997
 0.062927999999999998 31.399999999999999
 0.068124000000000004 31.399999999999999
 0.073316000000000006 31.100000000000001
 0.078504000000000004 31.100000000000001
 0.083680000000000004 277.79998000000001
 0.089039999999999994 151.5
 0.094331999999999999 156.89999
 0.099676000000000001 70.80001
 0.104888 52.200000000000003
 0.110068 37.100000000000001
 0.115276 51.399999999999999
 0.120472 31
 0.12565999999999999 34.399999999999999
 0.13084399999999999 34.399999999999999
 0.13602 30.5
 0.141208 35
 0.14638000000000001 31
 0.15156 31.100000000000001
 0.156752 31.100000000000001
 0.16193199999999999 31
 0.16712399999999999 31.199999999999999
 0.17231199999999999 31.399999999999999
 0.17749999999999999 31.399999999999999
 0.18269199999999999 122.09999999999999
 0.18799199999999999 139
 0.19326399999999999 100.30001
 0.198604 63.799999999999997
 0.203788 46.5
 0.20896799999999999 46.399999999999999
 0.214172 30.300000000000001
 0.219356 30.800000000000001
 0.22455600000000001 34.700000000000003
 0.22974800000000001 33.200000000000003
 0.23494000000000001 30.600000000000001
 0.24013200000000001 31
 0.24531600000000001 32.299999999999997
 0.25050800000000001 31
 0.25568000000000002 31
 0.26086799999999999 31.199999999999999
 0.26605200000000001 198.30000000000001
 0.271372 154.09999999999999
 0.27669199999999999 49.899999999999999
 0.28189199999999998 39.899999999999999
 0.28706799999999999 36.200000000000003
 0.29226000000000002 37.100000000000001
 0.29745199999999999 34.799999999999997
 0.30265599999999998 31.399999999999999
 0.30784800000000001 31.199999999999999
 0.31303599999999998 31.800000000000001
 0.31822800000000001 34.600000000000001
 0.32341999999999999 32.899999999999999
 0.32860400000000001 33.100000000000001
 0.33379999999999999 33.5
 0.33898800000000001 33.299999999999997
 0.34417199999999998 33.399999999999999
 0.34936 32.899999999999999
 0.35454400000000003 33
 0.35972799999999999 33.299999999999997
 0.36492000000000002 237.80000000000001
 0.37024800000000002 187
 0.37552000000000002 76.200000000000003
 0.38070399999999999 45.399999999999999
 0.38589600000000002 47.5
 0.391092 33.200000000000003
 0.39628400000000003 39.100000000000001
 0.40146799999999999 30
 0.40664400000000001 31.600000000000001
 0.41183199999999998 34.200000000000003
 0.417016 32.899999999999999
 0.42220000000000002 31.5
 0.42737999999999998 31.300000000000001
 0.43257200000000001 31.300000000000001
 0.43775199999999997 32.299999999999997
 0.44295200000000001 290.89999
 0.448324 94.5
 0.45351200000000003 119.2
 0.45882000000000001 66.900000000000006
 0.46400799999999998 53.299999999999997
 0.46920400000000001 33.799999999999997
 0.474408 41.5
 0.47958000000000001 41.5
 0.48477199999999998 30.399999999999999
 0.48996400000000001 30.399999999999999
 0.495168 30.600000000000001
 0.50035200000000002 31.100000000000001
 0.50552799999999998 31
 0.51069200000000003 31
 0.51589200000000002 32
 0.52105999999999997 31.399999999999999
 0.52625999999999995 31.800000000000001
 0.53144800000000003 31.899999999999999
 0.53664000000000001 32.700000000000003
 0.54183599999999998 31.699999999999999
 0.54702799999999996 113.80001
 0.55236799999999997 39.299999999999997
 0.55754400000000004 78.80001
 0.56276800000000005 46.799999999999997
 0.56796400000000002 42.399999999999999
 0.57314399999999999 36.5
 0.57832399999999995 31
 0.58350000000000002 29.800000000000001
 0.58867599999999998 30.800000000000001
 0.59386799999999995 32.100000000000001
 0.59904800000000002 31.100000000000001
 0.60423199999999999 31.300000000000001
 0.609572 30.899999999999999
 0.614896 31.100000000000001
 0.62021199999999999 32.200000000000003
 0.62551999999999996 208.39999
 0.63097599999999998 96.400000000000006
 0.63629599999999997 41.799999999999997
 0.64159999999999995 67
 0.64688000000000001 73.900000000000006
 0.65218799999999999 32.100000000000001
 0.65749599999999997 40.200000000000003
 0.66282399999999997 35.399999999999999
 0.66814399999999996 33.200000000000003
 0.67346799999999996 31.100000000000001
 0.67877600000000005 32.399999999999999
 0.68408400000000003 33.299999999999997
 0.68940000000000001 31.699999999999999
 0.694712 31
 0.70001199999999997 31.300000000000001
 0.70532399999999995 31.800000000000001
 0.71063200000000004 32.200000000000003
 0.71594800000000003 32.299999999999997
 0.72127200000000002 31.899999999999999
 0.72660800000000003 179.59999999999999
 0.73204000000000002 98
 0.73734 82.200000000000003
 0.74264799999999997 70
 0.74794799999999995 39.700000000000003
 0.75325600000000004 34.899999999999999
 0.75858400000000004 35.700000000000003
 0.76389200000000002 33.399999999999999
 0.769208 34.399999999999999
 0.77451599999999998 30.699999999999999
 0.77984799999999999 30.899999999999999
 0.78517199999999998 31.5
 0.79048399999999996 31.199999999999999
 0.79580399999999996 31.199999999999999
 0.80111600000000005 32.700000000000003
 0.80644800000000005 277.29998000000001
 0.81189999999999996 82.200000000000003
 0.81720800000000005 162
 0.82262000000000002 37.299999999999997
 0.827932 35.899999999999999
 0.83323999999999998 36.700000000000003
 0.83855999999999997 30.699999999999999
 0.84388399999999997 32.100000000000001
 0.84923199999999999 34.200000000000003
 0.85453999999999997 31.600000000000001
 0.85984799999999995 32
 0.86516800000000005 34.100000000000001
 0.87049600000000005 31.399999999999999
 0.87584399999999996 31.199999999999999
 0.88115600000000005 31.300000000000001
 0.88648400000000005 32.299999999999997
 0.89178800000000003 32.5
 0.89710000000000001 32.399999999999999
 0.90243600000000002 32.399999999999999
 0.907748 100.80001
 0.91322000000000003 48.899999999999999
 0.91853600000000002 87
 0.92383599999999999 38
 0.92913599999999996 38.399999999999999
 0.93446799999999997 32.700000000000003
 0.93979599999999996 33.399999999999999
 0.94510799999999995 33.200000000000003
 0.95042400000000005 32.399999999999999
 0.95576799999999995 33.5
 0.96109999999999995 33
 0.96641999999999995 33.200000000000003
 0.97173200000000004 32.899999999999999
 0.97704000000000002 41
 0.98236400000000001 41.600000000000001
 0.98769600000000002 41.399999999999999
 0.993004 42.200000000000003
 0.99832399999999999 42.299999999999997
 1.0036480000000001 42.299999999999997
 1.0089840000000001 42.399999999999999
 1.0143200000000001 42.200000000000003
 1.0196320000000001 42.299999999999997
 1.0249520000000001 42.299999999999997
 1.03026 42.299999999999997
 1.0356080000000001 42.299999999999997
 1.0409360000000001 42.200000000000003
 1.046244 42.200000000000003
 1.051572 42
 1.056856 42.299999999999997
 1.0622119999999999 42.399999999999999
 1.06752 42.200000000000003
 1.072848 42.399999999999999
 1.0781559999999999 42.200000000000003
 1.0834680000000001 42.299999999999997
 1.088824 42.299999999999997
 1.0941479999999999 42.299999999999997
 1.099456 42.200000000000003
 1.1047640000000001 42.299999999999997
 1.1100760000000001 42.299999999999997
 1.115432 42.299999999999997
 1.12076 42.299999999999997
 1.1260680000000001 42.100000000000001
 1.1313800000000001 42.100000000000001
 1.1367080000000001 42.399999999999999
 1.1420399999999999 42.100000000000001
 1.147348 42
 1.1526320000000001 42
 1.157948 42.299999999999997
 1.163252 42
 1.1685639999999999 42.399999999999999
 1.1738679999999999 42
 1.179176 42.100000000000001
 1.1844920000000001 42.299999999999997
 1.1898040000000001 42.399999999999999
 1.1951160000000001 42.299999999999997
